# multipoles are divided by excitation current and units are [T], [m] and [A]
# harmonics (dipole n=0): 00 01 02 03 04 05 06 07 08 09 10 11 12 13 14 
# MAG_LABEL   CURRENT[A]   <NORMAL_MULTIPOLES/CURRENT>[T/m^(n-1)/A]   <SKEW_MULTIPOLES/CURRENT>[T/m^(n-1)/A]
Q20-029   +1.099976e+02   +4.187123e-07 -5.903430e-02 -2.095576e-03 -1.470237e-02 -1.198087e+00 +2.299844e+03 -9.196101e+00 +1.536993e+04 +2.350311e+07 -2.302508e+11 +2.904917e+10 -2.909908e+12 -3.570776e+14 +4.660845e+18 +6.577397e+17   +4.634820e-08 -7.188875e-06 +2.469819e-06 +2.141457e-02 +3.831902e-01 -2.469030e+02 -7.153511e+02 +6.819406e+03 +4.784862e+06 +6.071724e+09 +2.961237e+10 -7.959867e+12 -2.600390e+14 -1.705811e+17 +1.031195e+18   
Q20-030   +1.099966e+02   +7.411433e-07 -5.907063e-02 -7.714447e-04 -2.842922e-02 -9.267977e-02 +2.287802e+03 -2.963178e+03 -3.835283e+04 +2.034026e+07 -2.323181e+11 +1.030955e+11 +2.406426e+11 -6.296237e+14 +4.768734e+18 -4.755022e+17   -1.825943e-08 -1.475367e-05 +5.082179e-04 +2.164973e-02 -5.564462e-01 -2.268837e+02 -6.174089e+02 -6.898242e+04 +1.158494e+07 +7.987284e+09 -4.506428e+10 -8.613841e+12 -2.139587e+14 -2.353819e+17 +2.767346e+18   
Q20-032   +1.099978e+02   +1.481876e-07 -5.909683e-02 -1.070711e-03 -4.440706e-02 -4.642720e-01 +2.287975e+03 +5.360873e+02 +2.218139e+04 +4.416715e+05 -2.326990e+11 +5.242718e+09 -1.214819e+12 -5.571715e+13 +4.735899e+18 +2.835409e+16   -2.610868e-07 -1.498134e-05 +4.024001e-04 +1.081626e-02 -6.719842e-02 -2.315962e+02 -2.709412e+03 +1.535767e+05 +3.779709e+06 +5.964375e+09 +5.793197e+10 -9.289104e+12 -1.120139e+14 -1.572274e+17 -1.452845e+18   
Q20-037   +1.099967e+02   -3.521952e-07 -5.904524e-02 -2.131516e-03 -9.052318e-02 -1.019939e+00 +2.290977e+03 +1.435960e+03 +2.267012e+05 +1.319567e+06 -2.332070e+11 -4.915908e+10 -4.995206e+12 -6.379062e+13 +4.712940e+18 +4.975947e+18   -3.731443e-07 -1.038225e-05 +5.398100e-04 +8.859441e-03 -7.000115e-03 -2.821384e+02 -3.064141e+03 +1.838804e+05 -2.927083e+06 +4.433979e+09 +5.929685e+10 -8.330532e+12 +3.394879e+13 -6.870261e+16 +1.083832e+18   
Q20-040   +1.099962e+02   +8.752831e-07 -5.908471e-02 -8.296871e-05 -7.650558e-02 +9.974490e-01 +2.327599e+03 -4.382280e+03 +6.145390e+03 +2.293972e+07 -2.344284e+11 +1.526238e+11 -3.959987e+11 -6.801517e+14 +4.744666e+18 -3.640362e+18   -7.813595e-08 -7.648449e-06 +6.629847e-05 +1.204785e-02 +1.318326e+00 -2.502040e+02 +1.839521e+03 +3.435309e+04 -2.861103e+06 +4.881821e+09 -1.311508e+11 -7.904500e+12 -6.683674e+14 -1.768535e+17 +2.944817e+18   
Q20-043   +1.099966e+02   +5.201569e-08 -5.889932e-02 -2.673362e-03 -8.946262e-02 -1.717909e+00 +2.371930e+03 +3.768106e+03 +5.304939e+04 +3.284245e+07 -2.337447e+11 -6.758202e+10 +7.969765e+10 -9.919779e+14 +4.762825e+18 +3.046825e+18   +9.214421e-07 -1.960772e-05 -3.106833e-03 +1.425231e-02 +2.998101e+00 -2.817695e+02 +4.903866e+03 +2.502630e+05 -4.329599e+06 +5.429462e+09 +2.795406e+10 -1.512173e+13 +9.640480e+13 -1.138309e+17 -1.113964e+18   
Q20-046   +1.099976e+02   +7.219114e-07 -5.894716e-02 -4.290615e-04 -1.004497e-01 -2.930158e-01 +2.332076e+03 -1.689214e+03 +3.668385e+05 +3.065425e+07 -2.305601e+11 +3.024030e+10 -1.073900e+13 -1.031720e+15 +4.661234e+18 -1.246624e+18   +1.140358e-07 -1.340834e-05 +1.680829e-03 +2.764696e-02 -1.031787e+00 -2.462390e+02 -6.942611e+03 -6.278653e+04 +1.404432e+07 +6.932652e+09 +1.712737e+11 -3.305593e+12 -8.114127e+14 -1.843459e+17 -2.473337e+18   
Q20-047   +1.099963e+02   +1.348481e-06 -5.888344e-02 +7.231211e-04 -6.846498e-02 +8.506964e-01 +2.321436e+03 -2.931222e+03 +7.847335e+04 +3.358380e+07 -2.315864e+11 +1.255093e+10 -4.686738e+11 -9.619714e+14 +4.683445e+18 +3.572020e+18   +2.499375e-07 -7.658642e-06 -4.549229e-04 +1.364113e-02 -5.995780e-01 -1.984269e+02 +3.028898e+03 +1.526733e+05 +7.658040e+06 +4.031176e+09 -1.412000e+11 -8.407311e+12 -9.301058e+13 -1.250912e+17 +4.900835e+18   
Q20-050   +1.099986e+02   +1.029840e-06 -5.893607e-02 -5.927566e-04 -8.455218e-02 -1.811498e+00 +2.376662e+03 -6.053297e+02 +1.912640e+05 +5.639721e+07 -2.317260e+11 -8.137754e+10 -3.757204e+12 -2.146455e+15 +4.739999e+18 +3.609399e+18   +3.727084e-07 -8.911290e-06 -8.556098e-04 +2.616463e-02 +1.497209e+00 -2.298906e+02 +1.343751e+03 -2.257577e+04 -1.853164e+06 +7.774895e+09 -1.722116e+11 -3.928375e+12 -1.022045e+14 -2.033307e+17 +7.614415e+18   
Q20-056   +1.099967e+02   +7.175186e-07 -5.892646e-02 -7.881300e-04 -8.057770e-02 -5.217481e-01 +2.261381e+03 -1.385797e+03 +1.502123e+05 +2.723205e+07 -2.292426e+11 +9.175721e+09 -5.566295e+12 -8.968276e+14 +4.613131e+18 +9.139056e+17   +4.644998e-07 -1.463212e-05 -1.256101e-03 +1.086824e-02 +1.932985e+00 -1.266783e+02 +1.229099e+03 +9.962335e+04 +3.156180e+06 +1.704683e+09 -3.270928e+10 -6.651103e+12 -4.051128e+14 +4.273685e+16 +7.747783e+17   
Q20-058   +1.099972e+02   +1.052530e-06 -5.888641e-02 -2.596046e-04 -8.267525e-02 -1.611732e-01 +2.288392e+03 -3.626892e+02 +5.489551e+03 +3.629014e+07 -2.296158e+11 -3.721259e+10 +1.681219e+12 -1.198499e+15 +4.647726e+18 +2.291843e+18   +3.802124e-07 -7.303128e-06 -9.018309e-06 +1.678608e-02 +6.739963e-01 -2.072233e+02 -3.137123e+03 +1.338731e+05 -3.342569e+06 +5.037798e+09 +9.262472e+10 -1.098926e+13 +2.686566e+14 -3.445491e+16 -1.331385e+18   
Q20-059   +1.099962e+02   +5.420174e-07 -5.892102e-02 -1.050404e-03 -1.318875e-01 -5.349340e-01 +2.300333e+03 +9.321840e+02 +3.417685e+05 +2.789879e+07 -2.279694e+11 -4.475286e+10 -6.677614e+12 -7.572184e+14 +4.592530e+18 +3.267495e+18   +1.392270e-07 -1.980238e-05 +4.518075e-04 +1.426944e-02 -4.552504e-01 -2.565996e+02 -1.650886e+03 +4.334472e+03 -3.088794e+06 +4.148142e+09 +1.519118e+10 -6.703978e+12 +1.715332e+14 +2.397324e+16 +6.276918e+16   
Q20-060   +1.099972e+02   +2.414966e-08 -5.890929e-02 -2.108630e-03 -7.302868e-02 -5.040986e-01 +2.392109e+03 +2.478733e+03 +2.949690e+04 +2.414157e+07 -2.316534e+11 +7.913631e+09 +2.950477e+11 -7.884327e+14 +4.714605e+18 -9.649664e+17   +2.775986e-07 -1.369519e-05 -6.887580e-04 +3.643608e-03 +5.278964e-02 -1.568955e+02 +2.151785e+03 +7.381768e+04 +9.902788e+06 +3.613606e+09 -2.733248e+10 -5.103691e+12 -3.841112e+14 -7.815758e+15 +1.310756e+18   
Q20-062   +1.099965e+02   +6.604894e-07 -5.892086e-02 -1.167023e-03 -9.830176e-02 -2.755420e-01 +2.269949e+03 +2.775251e+03 +1.907542e+05 +2.808689e+07 -2.269803e+11 -1.227894e+11 -3.188611e+12 -7.152137e+14 +4.585628e+18 +4.288491e+18   +2.650370e-07 -1.520939e-05 -5.056513e-04 +2.456145e-02 +1.180467e+00 -2.284795e+02 -1.702694e+02 +1.060033e+05 +2.619134e+06 +3.738489e+09 +1.726791e+10 -1.085963e+13 -7.328101e+13 +3.366543e+16 -9.022322e+17   
Q20-064   +1.099968e+02   +6.321471e-07 -5.899613e-02 -1.751120e-03 -5.561794e-02 -1.215094e+00 +2.307073e+03 +1.084822e+03 +2.015816e+04 +2.933356e+07 -2.292877e+11 +3.830553e+10 -1.173251e+12 -1.010497e+15 +4.608939e+18 -2.502220e+18   +3.925918e-07 -1.318473e-05 -4.082280e-04 +1.981060e-02 -7.834973e-02 -2.684197e+02 +8.411284e+02 +2.874227e+05 +1.617895e+07 +7.300633e+09 -7.500028e+10 -2.217735e+13 -5.816987e+14 -1.323552e+17 +4.504047e+18   
Q20-067   +1.099967e+02   +1.138474e-06 -5.903109e-02 +1.900757e-03 -9.217313e-02 +1.787963e+00 +2.347396e+03 -9.604061e+03 +2.368637e+05 +1.222151e+07 -2.318660e+11 +1.677225e+11 -3.555144e+12 -5.550375e+14 +4.707223e+18 -1.508596e+18   +2.841679e-07 -3.118558e-05 -1.179676e-03 +1.322867e-02 +9.349462e-01 -1.927738e+02 +2.548590e+03 +1.176476e+05 -3.084624e+05 +4.738975e+09 -1.472228e+11 -7.727671e+12 -3.290192e+14 -9.612034e+16 +5.101415e+18   
Q20-070   +1.099959e+02   +6.447622e-07 -5.895487e-02 -1.751672e-03 -1.639391e-02 -1.960551e+00 +2.329900e+03 +2.803541e+03 -1.209952e+04 +3.122933e+07 -2.286928e+11 -6.219712e+10 +5.800343e+12 -1.245866e+15 +4.591024e+18 +3.432543e+18   +9.797038e-07 +5.183461e-06 -2.473982e-03 +1.942491e-02 +8.571789e-01 -2.214192e+02 +7.028627e+03 +3.843331e+04 +2.091856e+07 +4.302406e+09 -8.972563e+10 -3.107260e+12 -9.443543e+14 -3.909233e+16 -1.109029e+18   
Q20-072   +1.099966e+02   +1.851175e-07 -5.893479e-02 -1.614100e-03 -1.153903e-01 -1.417901e+00 +2.353873e+03 +2.333867e+03 +3.029067e+05 +2.374002e+06 -2.324321e+11 +6.221109e+09 -7.387749e+12 -2.038404e+14 +4.711386e+18 -1.668315e+18   +9.828013e-07 +2.206987e-05 -1.485131e-03 +2.125750e-04 +3.068121e-01 -2.157908e+02 +4.560558e+03 +1.057180e+05 +1.070105e+07 +5.748714e+09 -6.463082e+10 -9.512949e+12 -4.288661e+14 -1.074667e+17 +1.969216e+18   
Q20-075   +1.099963e+02   +3.007943e-07 -5.896634e-02 -1.806600e-03 -3.389989e-02 -1.466779e-01 +2.336745e+03 +2.912142e+03 -1.319391e+05 +1.157666e+07 -2.321001e+11 -2.807056e+10 +1.545067e+12 -6.213880e+13 +4.743711e+18 +2.455796e+18   +9.655370e-07 -8.538908e-06 -2.323829e-03 +2.475953e-02 +1.354441e+00 -1.610369e+02 +6.037437e+03 +4.353809e+04 +1.733066e+07 +2.002683e+09 -1.772501e+10 -1.626208e+13 -7.360442e+14 -7.014744e+16 -1.873210e+18   
Q20-079   +1.099962e+02   +7.434908e-07 -5.892929e-02 -5.510768e-04 -6.121212e-02 +4.714940e-01 +2.348898e+03 -2.700001e+02 +5.505604e+04 +2.502235e+07 -2.302165e+11 +4.491255e+09 +3.176148e+12 -8.423225e+14 +4.592861e+18 +4.190146e+17   +9.953153e-07 -3.794343e-06 -2.648470e-03 +1.868795e-02 +1.396999e+00 -2.697873e+02 +6.320123e+03 +7.442346e+04 +1.303329e+07 +5.545416e+09 -8.269509e+10 -3.845481e+12 -4.517958e+14 -1.149021e+17 -3.154144e+16   
Q20-095   +1.099962e+02   +1.091497e-07 -5.893935e-02 -1.802224e-03 -6.635667e-02 -1.644445e+00 +2.202459e+03 +4.787574e+03 +7.765240e+04 +6.839685e+06 -2.261239e+11 -7.006815e+10 +1.212055e+12 -2.369737e+14 +4.561642e+18 +2.477796e+16   +2.299027e-07 -1.728813e-05 -1.048835e-03 +1.004456e-02 +1.750784e+00 -2.754720e+02 +3.298377e+01 +1.359584e+05 -1.011513e+07 +5.147454e+09 -3.638095e+09 -1.187705e+13 +3.525840e+14 +5.143263e+16 +1.011534e+18   
Q20-107   +1.099950e+02   +3.332366e-07 -5.894750e-02 -1.474453e-03 -1.914409e-02 -8.977331e-01 +2.202596e+03 -4.818742e+02 -1.041746e+05 +3.225846e+07 -2.300955e+11 +2.417913e+10 -5.020720e+11 -1.119750e+15 +4.751572e+18 +1.448759e+18   +5.274484e-07 -2.003693e-05 -1.804693e-03 +1.455970e-02 +2.022938e+00 -2.445017e+02 +4.683265e+03 +2.870680e+05 -8.189527e+06 +5.648332e+09 -1.149614e+11 -9.702996e+12 +1.108537e+14 -3.062187e+16 +1.670471e+18   
Q20-108   +1.099956e+02   +7.445561e-07 -5.896729e-02 -1.605863e-03 +2.908865e-03 -1.259834e+00 +2.261232e+03 +2.651050e+03 -3.301691e+05 +5.669555e+07 -2.288857e+11 -1.289827e+11 +1.503241e+13 -2.020214e+15 +4.656712e+18 +6.390414e+18   +3.413591e-07 -2.225745e-05 -9.662432e-04 +8.116264e-03 +3.546150e-01 -1.604558e+02 +6.303123e+03 +6.634286e+04 -4.874160e+06 +4.786224e+09 -1.877990e+11 -6.012356e+12 +5.214880e+14 -1.275469e+17 +4.370634e+18   
Q20-109   +1.099985e+02   +5.320582e-07 -5.904191e-02 -7.204549e-04 -1.873087e-02 -8.925671e-01 +2.330869e+03 -5.173817e+03 -1.783919e+05 +1.063480e+07 -2.308953e+11 +1.927052e+11 +8.559848e+12 -3.378766e+14 +4.729202e+18 -6.764508e+18   +2.540114e-07 -2.457191e-05 -1.467792e-03 +8.679440e-03 +5.431314e-01 -2.034295e+02 +3.471066e+03 +2.018139e+05 +6.674376e+06 +4.792999e+09 -4.284868e+10 -1.353332e+13 -5.477647e+14 -3.902560e+16 +5.453372e+17   
Q20-111   +1.099997e+02   +6.292222e-08 -5.902178e-02 -1.090386e-03 -8.651592e-02 +6.730911e-01 +2.247328e+03 -1.561402e+03 -1.751243e+04 +4.934886e+06 -2.302854e+11 -2.925196e+10 -4.005145e+12 -8.087209e+14 +4.709832e+18 +7.186551e+16   +3.228140e-07 -2.019348e-05 -7.423102e-04 +1.930749e-02 +1.272238e+00 -1.590702e+02 +2.689396e+02 -1.191944e+05 -5.509543e+06 +9.061046e+08 +1.505769e+09 -4.743381e+10 -3.210041e+14 +1.878981e+16 +2.242798e+17   
Q20-112   +1.099960e+02   +4.783499e-07 -5.896854e-02 -4.944195e-04 -6.337739e-02 +5.380553e-02 +2.224560e+03 -6.154666e+01 +9.066325e+04 +9.644933e+06 -2.287702e+11 -4.227949e+10 -1.774102e+12 -2.916666e+14 +4.656988e+18 +3.529947e+18   +2.404969e-07 +1.154759e-05 -7.410972e-04 +2.634700e-02 +1.018973e+00 -2.509845e+02 +2.117101e+02 +2.141550e+04 -2.628494e+06 +8.384601e+09 -4.944483e+10 -7.008427e+12 +6.455362e+13 -1.843659e+17 -3.597809e+17   
Q20-113   +1.099956e+02   +5.343669e-07 -5.896733e-02 -5.783051e-04 -4.017830e-02 +7.502696e-01 +2.228290e+03 +1.770185e+03 -8.742256e+04 -6.948150e+05 -2.299817e+11 -1.234020e+11 +1.039842e+13 +5.307580e+14 +4.688408e+18 +7.060949e+18   +2.766228e-07 -1.149731e-05 -1.289360e-03 +1.923517e-02 +5.162850e-01 -1.616937e+02 +3.299870e+03 +4.243271e+04 +6.743021e+06 +4.007133e+09 -8.322571e+10 -1.381162e+13 -9.202377e+14 -9.290172e+16 +5.334973e+18   
Q20-116   +1.099965e+02   +2.819052e-07 -5.889691e-02 -1.517216e-03 -4.142388e-02 -6.782398e-01 +2.314979e+03 +1.159958e+03 -5.903817e+03 +1.433773e+07 -2.287552e+11 -3.662014e+10 +3.189301e+12 -4.149097e+14 +4.645127e+18 +1.030938e+18   -1.187936e-07 -9.175310e-06 -4.585410e-04 +1.919987e-02 +1.291527e+00 -1.647729e+02 -9.847350e+02 +3.190985e+04 -7.141930e+06 +3.941586e+09 +3.716778e+09 -6.925648e+12 +8.040919e+13 -2.781103e+16 +1.641575e+18   
Q20-119   +1.099967e+02   +4.115472e-07 -5.897830e-02 +4.849854e-05 -1.099124e-02 +1.029782e+00 +2.414995e+03 -5.525159e+03 -3.590521e+05 -2.544479e+07 -2.323787e+11 +1.199707e+11 +2.127586e+13 +1.273568e+15 +4.771361e+18 -3.133279e+18   +4.626884e-07 -1.165647e-06 -1.422486e-03 +6.150830e-03 +1.284805e+00 -1.058927e+02 +4.308190e+03 +3.724282e+05 -1.467933e+07 +1.090012e+09 -1.593235e+11 -1.689152e+13 +1.737182e+14 +8.649527e+16 +8.920467e+18   
Q20-125   +1.099962e+02   +6.301303e-07 -5.897473e-02 -1.081353e-04 -2.175691e-02 -4.010867e-02 +2.354067e+03 -3.328472e+03 +5.440867e+04 +1.571759e+07 -2.297282e+11 +9.401961e+10 -1.733041e+12 -4.103390e+14 +4.653748e+18 -2.156413e+18   +6.540655e-07 +1.488045e-05 -2.254870e-03 +2.445686e-02 +1.640028e+00 -1.471699e+02 +5.225791e+03 -1.007256e+04 -6.928082e+05 +3.078135e+09 -7.464662e+10 -7.096365e+12 -2.684729e+14 +1.031975e+14 +2.041278e+18   
Q20-127   +1.099960e+02   +2.908174e-07 -5.895961e-02 +3.303550e-04 -1.024251e-02 -2.277609e-01 +2.361913e+03 -5.164151e+03 -2.370257e+04 +1.030391e+07 -2.294013e+11 +1.226793e+11 +9.267773e+10 -1.660391e+14 +4.633253e+18 -1.981317e+18   +2.765393e-07 +4.802146e-06 -1.136663e-03 +1.256546e-02 +8.224492e-01 -1.677873e+02 +8.751938e+02 +9.630487e+04 +6.283650e+06 +3.300500e+09 -1.852429e+10 -7.421890e+12 -6.421607e+13 -3.165067e+16 +3.688326e+17   
Q20-130   +1.099963e+02   -5.860443e-09 -5.896188e-02 -3.035074e-04 -4.563807e-02 -3.027149e-02 +2.367629e+03 -1.624026e+03 +1.020522e+05 +5.856087e+06 -2.290221e+11 +4.537292e+10 -6.277756e+12 -2.319197e+14 +4.640483e+18 +5.369239e+16   +5.598212e-07 +2.471820e-06 -8.478732e-05 -4.660476e-03 -5.934871e-01 -2.243944e+02 -1.880317e+03 +1.685229e+05 +2.318564e+07 +6.276931e+09 +7.650623e+10 -9.445336e+12 -4.900258e+14 -1.286297e+17 -3.051384e+18   
Q20-136   +1.099976e+02   +8.483906e-08 -5.894948e-02 -4.552610e-04 -9.361632e-02 -7.705854e-01 +2.358995e+03 -2.621218e+03 +1.059742e+05 +1.777939e+06 -2.298331e+11 +4.366341e+10 -1.148740e+12 +1.064412e+14 +4.658696e+18 -5.902475e+17   +3.143739e-07 -1.303125e-05 -2.792289e-04 +2.064406e-02 +6.959282e-02 -1.129094e+02 -2.037648e+03 +5.199150e+04 +1.154962e+07 +1.260538e+09 +4.384355e+10 -3.317344e+12 -4.463431e+14 +4.284713e+16 -1.998869e+18   
Q20-139   +1.099971e+02   +1.488126e-07 -5.899147e-02 -1.084935e-03 -4.782599e-02 +1.138556e-01 +2.323260e+03 -9.773030e+02 +3.517383e+05 +1.152236e+07 -2.290073e+11 +6.824491e+10 -1.736877e+13 -5.292550e+14 +4.714530e+18 -5.170617e+18   +1.326625e-07 -5.519166e-06 -6.553372e-04 +1.024457e-02 -1.066565e+00 -2.805000e+02 +3.363004e+03 +2.085866e+05 +1.357666e+07 +7.201326e+09 -1.627197e+11 -1.568548e+13 +1.868435e+14 -8.189911e+16 +1.103681e+19   
Q20-140   +1.099973e+02   +2.467571e-07 -5.896623e-02 -7.770018e-04 -3.928584e-02 -1.542589e-02 +2.311263e+03 +1.203696e+03 +5.494190e+04 -5.983365e+06 -2.264867e+11 -5.838932e+10 +2.641464e+12 +4.308452e+14 +4.544118e+18 +3.657659e+18   +2.210524e-07 -1.847367e-05 -6.421890e-04 +2.227837e-02 +9.935362e-01 -2.556573e+02 +1.904135e+02 +1.954531e+04 -4.245886e+06 +6.312614e+09 +8.099517e+09 -4.753505e+12 -2.536225e+14 -5.063077e+16 -1.895865e+18   
Q20-142   +1.099973e+02   +6.111147e-07 -5.897719e-02 -4.562878e-04 -9.784958e-02 +2.058441e-01 +2.233498e+03 +7.259375e+02 +3.269688e+05 +2.263566e+07 -2.294953e+11 -3.966348e+10 -7.599842e+12 -3.466448e+14 +4.673019e+18 +4.130896e+18   -1.825521e-08 -4.580994e-06 +1.186848e-03 -1.271456e-02 -1.816851e+00 -2.001273e+02 -3.201991e+03 +2.764517e+05 +2.399793e+07 +4.438233e+09 +8.687078e+10 -8.817706e+12 -7.619934e+14 -1.994479e+16 +1.447956e+17   
Q20-149   +1.099973e+02   +6.024058e-07 -5.899326e-02 -2.537100e-04 -3.997409e-02 +6.999675e-01 +2.272568e+03 -6.025233e+02 -6.940904e+04 +1.104643e+07 -2.307750e+11 +2.513322e+10 +2.485814e+11 -3.437223e+14 +4.693223e+18 -6.965292e+17   +2.396518e-07 -7.759900e-06 -4.717046e-04 +9.315747e-03 +6.691319e-01 -2.167709e+02 -4.447446e+02 +1.292337e+04 -3.830229e+06 +5.643339e+09 -1.408250e+10 -1.370444e+13 -4.770406e+13 -4.703830e+16 +6.694828e+17   
Q20-153   +1.099976e+02   +3.413638e-07 -5.899375e-02 -9.247656e-04 -5.888568e-02 -1.000423e+00 +2.214774e+03 -3.041975e+03 -9.137199e+04 +2.402574e+07 -2.294838e+11 +2.062436e+10 +6.681700e+12 -7.366178e+14 +4.681143e+18 +5.840635e+17   +2.311585e-07 -7.553804e-06 +1.776815e-04 +2.215254e-02 -1.563265e-01 -1.734273e+02 -2.067305e+03 +1.515489e+05 +1.127467e+07 +3.373105e+09 +4.992987e+10 -1.293982e+13 -4.354204e+14 +2.871791e+16 -2.078388e+18   
Q20-162   +1.099970e+02   +3.829308e-07 -5.892522e-02 -6.294958e-04 -7.944248e-02 -9.108230e-01 +2.294563e+03 -1.181843e+03 +8.888480e+04 +1.221672e+07 -2.293781e+11 -4.590701e+08 +6.833482e+11 -4.678729e+14 +4.650984e+18 +4.072630e+17   +4.219170e-07 -1.810726e-05 -2.588831e-03 +3.111810e-02 +1.973797e+00 -1.067689e+02 +6.490373e+03 +6.956956e+04 -3.711028e+06 +1.383503e+09 -1.189281e+11 -5.998223e+12 -1.500931e+14 +5.930825e+15 +3.988590e+18   
Q20-176   +1.099946e+02   +5.959391e-07 -5.894046e-02 +3.996054e-06 -6.526412e-02 +5.981157e-01 +2.231569e+03 -2.478227e+03 +1.666158e+05 +1.417296e+07 -2.275104e+11 +6.095678e+10 -5.594446e+12 -2.809299e+14 +4.535663e+18 +5.490882e+16   +7.132907e-08 -9.854711e-06 -1.565174e-04 +1.190235e-02 -1.564407e-01 -1.825422e+02 -1.421659e+03 -1.001663e+04 -2.092293e+06 +4.039287e+09 +9.093392e+10 -4.632477e+12 +1.483541e+14 +2.561308e+16 -2.300668e+18   
