# multipoles are divided by excitation current and units are [T], [m] and [A]
# harmonics (dipole n=0): 00 01 02 03 04 05 06 07 08 09 10 11 12 13 14 
# MAG_LABEL   CURRENT[A]   <NORMAL_MULTIPOLES/CURRENT>[T/m^(n-1)/A]   <SKEW_MULTIPOLES/CURRENT>[T/m^(n-1)/A]
Q20-005   +1.574380e+02   -4.107281e-07 -5.784284e-02 -2.695795e-04 -6.817033e-02 -1.869589e-01 +2.251336e+03 -1.345835e+03 +2.391994e+05 -2.974432e+07 -2.272105e+11 -4.672249e+09 -5.164727e+12 +7.802367e+14 +4.610740e+18 +4.683196e+17   +8.235985e-09 -1.154684e-05 -1.366305e-04 +1.242962e-02 -3.185808e-01 -1.418598e+02 +1.894298e+03 -5.648613e+04 +4.072626e+06 +1.899742e+09 -5.636132e+10 -5.023320e+12 -2.014874e+14 -4.593185e+16 +2.409780e+18   
Q20-007   +1.574387e+02   +3.981158e-07 -5.786716e-02 -1.248708e-03 -7.977708e-02 -7.829994e-01 +2.463024e+03 -1.535519e+01 +1.479329e+05 +1.804421e+07 -2.259692e+11 -8.416711e+09 -5.428684e+11 -1.879479e+14 +4.547513e+18 +9.173532e+17   +2.254986e-07 -6.653828e-06 -4.433102e-04 +1.943372e-02 -4.415960e-01 -2.014941e+02 +7.936568e+02 +1.545992e+03 +2.663911e+06 +3.952487e+09 +1.135976e+10 -4.600322e+12 -9.160600e+13 -4.604348e+16 +2.423672e+18   
Q20-009   +1.574382e+02   +1.705623e-07 -5.780584e-02 -8.193316e-04 -1.033570e-01 -6.155251e-01 +2.456004e+03 -8.115889e+02 +2.641804e+05 +1.186905e+07 -2.275124e+11 -2.769166e+10 -8.617597e+12 -1.602929e+14 +4.606498e+18 +2.105956e+18   -1.152278e-07 -1.058763e-05 +6.218979e-04 +1.186977e-02 -2.155366e-01 -2.209981e+02 -3.694629e+03 +4.455240e+04 +2.027109e+06 +3.861753e+09 +3.927159e+10 -6.593387e+12 +1.816012e+13 -8.403907e+16 -2.756241e+17   
Q20-010   +1.574372e+02   +6.744473e-07 -5.781588e-02 +8.664286e-05 -9.554718e-02 -2.244083e-01 +2.436239e+03 -5.317292e+03 +1.234181e+05 +1.609975e+07 -2.275504e+11 +1.020421e+11 -3.670525e+12 -3.491250e+14 +4.614587e+18 -4.047131e+18   -3.240632e-07 -3.745498e-06 +2.069626e-04 +1.596158e-02 +8.945421e-01 -2.549690e+02 -1.754334e+03 +8.824179e+04 -3.336207e+06 +4.519812e+09 -5.752290e+10 -1.666504e+12 +2.642416e+13 -1.260164e+17 +8.896119e+17   
Q20-011   +1.574380e+02   +1.117381e-07 -5.778365e-02 -5.939104e-04 -7.260979e-02 -4.916809e-01 +2.500474e+03 -3.672368e+03 +1.150360e+05 -1.870707e+06 -2.271990e+11 +7.893234e+10 +8.431529e+10 -4.647360e+13 +4.597637e+18 -1.986494e+18   +4.144607e-07 -3.330109e-06 -1.142661e-03 -6.924434e-03 +1.182671e+00 -2.037588e+02 +2.124940e+03 +6.937506e+04 +9.335796e+06 +3.650208e+09 -1.037412e+10 -3.128790e+12 -3.796434e+14 -9.632027e+16 +7.478620e+17   
Q20-012   +1.574381e+02   +2.218332e-07 -5.785162e-02 -1.330814e-03 -1.080115e-01 -8.044400e-01 +2.426420e+03 -3.273494e+02 +2.639951e+05 +1.944037e+07 -2.268384e+11 +4.758374e+10 -5.137841e+12 -4.811272e+14 +4.563346e+18 -2.434594e+18   +2.870642e-08 -2.704747e-05 -1.763989e-04 +2.062942e-03 +8.185636e-01 -2.532036e+02 -1.302039e+03 +3.508518e+04 +4.724765e+06 +5.031266e+09 -3.472867e+09 -7.062318e+12 -3.440869e+14 -1.256930e+17 -6.705708e+17   
Q20-013   +1.574373e+02   +2.350133e-07 -5.782616e-02 -1.054340e-03 -6.760005e-02 -8.172612e-02 +2.420433e+03 -1.430932e+02 -3.131581e+04 +3.348120e+06 -2.282205e+11 +1.860449e+09 +5.741038e+12 -1.203637e+14 +4.607227e+18 -5.669877e+16   +4.499922e-07 -1.828655e-05 -1.157769e-03 +3.147961e-02 +4.081250e-01 -3.631432e+02 +6.544320e+02 -3.779660e+04 -4.351480e+06 +7.169343e+09 +3.092193e+10 -8.674583e+12 -3.672398e+13 -2.106461e+17 -2.489818e+18   
Q20-014   +1.574374e+02   +5.582316e-07 -5.782136e-02 +8.408028e-04 -6.609357e-02 +1.197359e+00 +2.406332e+03 -7.795905e+03 +1.771095e+05 +7.222572e+06 -2.284918e+11 +9.217537e+10 -3.953848e+12 -1.095941e+14 +4.585047e+18 +1.825212e+18   +6.126580e-08 -2.544091e-05 -3.624136e-04 +4.201615e-02 -5.285940e-01 -2.592475e+02 +8.759158e+01 +4.268335e+04 -5.380757e+05 +3.871799e+09 +2.336408e+10 -7.265440e+12 -2.576477e+14 -1.220247e+17 -1.536985e+17   
Q20-015   +1.574377e+02   +1.908728e-07 -5.779654e-02 -1.534915e-03 -9.200350e-02 -4.660750e-01 +2.442994e+03 +1.920939e+03 +2.013181e+05 +9.480232e+06 -2.294003e+11 +8.422023e+10 -7.238927e+12 -1.668947e+13 +4.648931e+18 -3.935115e+18   +2.264697e-07 -3.492837e-06 -1.122340e-03 +7.446177e-03 +5.310242e-01 -3.811745e+02 +1.661693e+03 -2.067631e+04 +3.109523e+06 +6.502388e+09 +9.687915e+09 +1.601356e+12 -2.803050e+14 -1.638240e+17 -4.338921e+17   
Q20-016   +1.574399e+02   -2.045138e-07 -5.779812e-02 -2.239777e-03 -5.850310e-02 -5.135060e-01 +2.452268e+03 +7.295679e+02 +2.745736e+05 -1.260697e+07 -2.282319e+11 +3.236914e+09 -7.840674e+12 +5.800432e+14 +4.665294e+18 -3.520989e+17   +5.576749e-07 -1.728046e-05 -1.368191e-03 +1.136523e-02 +9.308619e-01 -3.573552e+02 +2.705364e+03 +2.336587e+05 -1.380494e+06 +6.613819e+09 -8.478969e+10 -7.221924e+12 +6.303462e+13 -1.654332e+17 +4.277031e+18   
Q20-021   +1.574403e+02   +9.283938e-07 -5.777589e-02 -2.825275e-04 -8.761772e-02 -4.594939e-01 +2.397492e+03 -1.232997e+03 +3.349099e+05 +4.470535e+07 -2.279776e+11 +2.414462e+09 -7.915324e+12 -1.241522e+15 +4.625085e+18 +7.745101e+17   +8.396192e-07 +3.042502e-06 -2.341059e-03 +2.941025e-02 +2.024631e+00 -3.404631e+02 +5.047911e+03 -1.072948e+05 +1.253669e+07 +6.688332e+09 -9.923615e+10 -6.035561e+12 -5.549022e+14 -1.938852e+17 +2.497665e+18   
Q20-022   +1.574373e+02   +3.062403e-07 -5.772346e-02 -4.616927e-04 -8.533048e-02 +3.239375e-01 +2.301837e+03 -1.299023e+03 -9.336765e+04 -2.910275e+06 -2.238383e+11 +1.980137e+10 +3.530255e+12 +8.285438e+12 +4.508263e+18 +1.708309e+18   +4.888591e-08 -9.753800e-06 +2.719916e-05 +2.205260e-03 +3.811338e-01 -3.348189e+02 +3.153370e+03 +1.947323e+05 +1.811091e+06 +5.680743e+09 -7.097848e+10 -1.114282e+13 -4.312866e+14 -6.732261e+16 -3.636155e+16   
Q20-023   +1.574380e+02   +3.945821e-08 -5.777155e-02 -1.723369e-03 -4.914109e-02 -1.379725e-01 +2.455184e+03 +2.567691e+02 -3.603714e+04 +2.204796e+06 -2.280305e+11 +3.135126e+10 -1.187585e+12 -2.570425e+14 +4.690396e+18 -4.581190e+17   +4.263175e-07 -9.744814e-06 -1.001954e-03 +3.024586e-02 +1.518596e+00 -3.373289e+02 +1.542365e+02 -6.496430e+03 -6.032892e+05 +5.069206e+09 -3.555393e+10 -1.193061e+12 -2.545830e+14 -4.080369e+16 +3.197435e+18   
Q20-026   +1.574383e+02   -6.180293e-09 -5.775988e-02 -2.790144e-03 -3.432670e-02 -2.414367e+00 +2.432470e+03 +2.351408e+03 +1.297993e+05 +3.210425e+07 -2.271665e+11 -1.546232e+09 -2.039859e+12 -8.610472e+14 +4.566734e+18 +8.089690e+17   +4.468428e-07 -1.937587e-05 -6.511586e-04 +6.914658e-03 -6.975120e-05 -1.893389e+02 +1.593759e+03 -3.326834e+04 +2.253013e+07 +2.836721e+09 +1.743816e+10 -3.125795e+11 -8.115382e+14 -2.032543e+16 -1.202380e+18   
Q20-027   +1.574393e+02   +5.557407e-07 -5.780960e-02 -7.953294e-04 -6.855359e-02 -2.599599e-01 +2.412857e+03 -2.638477e+03 +9.566608e+04 +1.776565e+07 -2.266939e+11 +3.744843e+10 -1.706987e+12 -2.851244e+14 +4.624058e+18 -5.973734e+17   -5.368781e-08 -1.848895e-05 +4.567843e-04 +1.309682e-02 -1.974891e-01 -2.137897e+02 -4.396054e+02 +1.321699e+05 +8.865938e+06 +5.236835e+09 -5.313385e+10 -8.169269e+12 -3.725577e+14 -1.742201e+17 +4.875421e+17   
Q20-028   +1.574385e+02   -1.646759e-07 -5.777711e-02 -2.041910e-03 -7.628033e-02 -1.246301e+00 +2.406652e+03 +7.698574e+02 -4.244619e+04 +2.191972e+07 -2.257851e+11 +4.089326e+10 +2.430890e+12 -6.925009e+14 +4.546379e+18 -7.690171e+16   +2.580058e-07 -1.557075e-05 -4.980604e-04 +2.050859e-02 +3.978639e-01 -2.214109e+02 -4.034596e+02 +1.907730e+05 +1.523610e+07 +2.420600e+09 +6.586102e+10 -1.757470e+12 -1.496898e+12 -3.023809e+16 -1.117977e+18   
Q20-033   +1.574380e+02   +4.645427e-07 -5.776800e-02 -1.317609e-03 -7.048044e-02 -1.145676e+00 +2.446498e+03 -1.277510e+03 +4.913175e+04 +2.252225e+07 -2.268476e+11 +7.957952e+10 -3.132349e+11 -1.860087e+14 +4.643416e+18 -1.553540e+18   +3.054067e-07 -1.418806e-05 -5.779896e-04 +2.252790e-02 +1.001033e+00 -1.905560e+02 -1.387836e+03 -9.738786e+04 +8.794624e+06 +3.625209e+09 +4.367670e+10 -9.486274e+12 -6.147560e+14 -6.728490e+16 -1.592264e+18   
Q20-034   +1.574377e+02   +3.787233e-07 -5.771061e-02 -3.564444e-04 -7.742923e-02 -6.611174e-01 +2.421872e+03 -4.711352e+03 +1.701714e+05 +7.406949e+06 -2.274552e+11 +5.669492e+10 -1.233050e+11 -1.029098e+14 +4.552179e+18 -6.120771e+17   +1.123859e-06 -1.936429e-05 -5.242706e-03 +1.314306e-02 +4.187476e+00 -2.790236e+02 +1.382786e+04 +7.286184e+03 -1.269228e+07 +8.433806e+08 -1.812502e+11 -2.211777e+12 -2.890007e+14 -2.766167e+15 +1.961322e+18   
Q20-035   +1.574381e+02   +4.389279e-09 -5.780196e-02 -2.901564e-03 -6.129521e-02 -1.819125e+00 +2.386519e+03 +3.145060e+03 +1.879663e+05 +2.087958e+07 -2.261262e+11 +6.978336e+10 -8.999226e+12 -2.684569e+14 +4.649065e+18 -2.053965e+18   -4.572658e-08 -1.798955e-05 +4.776661e-04 +2.334996e-02 -2.266693e-01 -1.991485e+02 -1.077229e+03 +2.109108e+05 -2.743842e+06 +5.148643e+09 -7.911865e+10 -1.079735e+13 +1.129881e+14 -9.309868e+16 +4.355720e+18   
Q20-036   +1.574383e+02   +3.019488e-07 -5.786869e-02 -1.206509e-03 -7.468507e-02 -4.316504e-01 +2.334760e+03 -9.958606e+02 +2.443473e+05 -2.832461e+07 -2.236831e+11 -6.046136e+10 -3.752734e+12 +1.303735e+15 +4.482306e+18 +9.702950e+18   +6.334546e-07 -2.060612e-05 -1.192851e-03 +2.788038e-02 +1.331069e-01 -2.552122e+02 +5.075517e+03 -1.052653e+05 +2.004497e+07 +7.270150e+09 -1.200007e+11 +2.228133e+12 -1.521325e+15 -1.238742e+17 +2.969516e+18   
Q20-038   +1.574374e+02   +6.523329e-07 -5.786246e-02 -8.173623e-04 -8.015306e-02 -3.648609e-01 +2.434177e+03 -3.289192e+03 -8.018451e+04 +1.167637e+07 -2.286885e+11 -4.530802e+10 -4.104530e+12 -4.011669e+14 +4.641182e+18 +4.984900e+18   +1.854754e-07 -2.094609e-05 +3.223006e-05 +3.056599e-02 -2.777019e-01 -3.108512e+02 -1.888156e+02 +6.045922e+04 +8.796779e+06 +2.366946e+09 -8.427534e+09 -2.431587e+12 -2.286180e+14 +3.949629e+15 +5.318454e+18   
Q20-039   +1.574372e+02   +8.918801e-07 -5.780216e-02 -5.550667e-04 -4.208423e-02 +1.833540e-01 +2.420869e+03 -3.392915e+03 -1.612454e+05 +2.543206e+07 -2.276926e+11 +2.236710e+10 +2.788690e+12 -1.143631e+15 +4.631542e+18 +9.343967e+17   +1.233202e-07 -6.831600e-06 -3.729394e-04 +2.857666e-02 +4.083358e-01 -2.403527e+02 +1.610797e+03 +1.256274e+05 +1.736460e+07 +2.494576e+09 -7.805627e+10 -1.340661e+13 -6.497187e+14 +3.182208e+16 +2.716997e+18   
Q20-041   +1.574384e+02   +5.276030e-07 -5.778891e-02 -1.302758e-03 -5.988003e-02 -4.095281e-01 +2.349436e+03 +1.237136e+03 +2.080485e+05 +3.970273e+07 -2.248794e+11 +3.825343e+10 -5.224463e+12 -1.352739e+15 +4.568599e+18 +1.423798e+17   +4.406294e-07 -1.127297e-06 -8.363296e-04 +1.313105e-02 +1.093400e+00 -2.781425e+02 +1.300453e+03 +1.448612e+04 +1.731033e+07 +6.412603e+09 +3.844612e+10 -5.161573e+12 -3.816309e+14 -1.562626e+17 -7.403594e+17   
Q20-044   +1.574377e+02   +4.597616e-07 -5.774312e-02 -2.044600e-03 -9.353116e-02 -1.495818e+00 +2.474894e+03 +1.492757e+03 +3.311733e+05 +2.142211e+07 -2.291687e+11 +8.319964e+09 -8.471376e+12 -4.473168e+14 +4.658649e+18 +1.944583e+18   +9.538205e-07 -1.467349e-05 -3.312304e-03 +1.993500e-03 +2.756371e+00 -3.000523e+02 +8.706847e+03 +8.302249e+04 +2.138246e+06 +4.694881e+09 -1.672246e+11 -5.020411e+12 -7.027847e+14 -8.552215e+16 +2.854556e+18   
Q20-045   +1.574380e+02   +7.560932e-07 -5.771202e-02 -9.554949e-04 -5.400929e-02 -6.741937e-01 +2.446787e+03 -1.259655e+03 -1.090924e+04 +3.299376e+07 -2.267750e+11 +1.449082e+11 +4.503631e+11 -1.085605e+15 +4.677546e+18 -3.430439e+18   +4.149083e-07 -7.596940e-06 -1.154585e-03 +3.297723e-02 +1.151681e+00 -2.587408e+02 +2.933514e+03 +3.406712e+05 -1.795138e+05 +6.501855e+09 -4.827375e+10 -2.179056e+13 -1.165914e+14 -1.199379e+17 +1.753753e+18   
Q20-048   +1.574379e+02   +6.657806e-07 -5.765986e-02 +8.877106e-04 -2.318928e-02 +1.566982e+00 +2.391747e+03 -3.274137e+03 -2.761862e+04 -3.611278e+05 -2.240361e+11 +9.948780e+09 +1.840882e+12 -1.422403e+14 +4.532987e+18 +3.525318e+18   -1.770297e-07 -9.227105e-06 +1.393767e-03 +3.406451e-03 -1.708914e+00 -1.072087e+02 -1.030747e+03 +8.940738e+03 +2.171647e+07 +3.382634e+08 -2.938484e+10 -2.476038e+12 -5.629249e+14 +5.515215e+16 +1.171440e+18   
Q20-049   +1.574377e+02   +3.122657e-07 -5.766817e-02 -1.227788e-03 -7.206260e-02 +5.496664e-01 +2.406820e+03 +6.749914e+02 +1.204579e+05 +9.124746e+06 -2.241795e+11 +6.127578e+10 +3.048705e+12 +3.190747e+14 +4.514525e+18 -3.168907e+18   +9.523697e-07 -1.680156e-05 -3.400693e-03 +1.105789e-02 +2.433903e+00 -1.479102e+02 +6.643009e+03 +4.480530e+04 +1.805244e+06 +3.397297e+09 -4.294988e+10 +1.594024e+12 -1.003082e+14 -4.805082e+16 +3.484949e+16   
Q20-051   +1.574385e+02   +5.133630e-07 -5.758151e-02 -9.417436e-04 -3.949267e-02 +3.975750e-01 +2.435949e+03 +2.030157e+03 +4.706240e+04 +1.750729e+07 -2.233140e+11 -2.609745e+10 +2.253624e+11 -4.348567e+14 +4.518590e+18 +2.315259e+18   +4.337278e-07 -1.717108e-05 -8.632730e-04 +6.751214e-03 +9.304160e-01 -1.695884e+02 +1.105244e+03 +1.322779e+05 +6.408610e+06 +3.457297e+09 -3.449447e+10 -7.920369e+12 -4.892993e+14 -1.406233e+16 +1.584019e+18   
Q20-053   +1.574410e+02   +4.884173e-07 -5.765051e-02 -2.096914e-03 -8.640449e-02 -1.511043e-01 +2.389674e+03 +1.952933e+03 +2.375057e+05 +2.382852e+07 -2.234241e+11 -2.334208e+10 -9.596452e+11 -6.134396e+14 +4.526931e+18 +1.128727e+18   -2.920572e-07 -2.049022e-05 +4.592553e-04 +1.387632e-02 +1.110194e+00 -1.619650e+02 -4.554568e+02 +1.696604e+05 -8.286107e+05 +4.155428e+09 -2.151905e+10 -1.042361e+13 +1.141821e+14 -7.411703e+16 -3.447054e+17   
Q20-055   +1.574381e+02   +4.628040e-07 -5.760460e-02 -1.248371e-03 -2.502801e-02 -6.968796e-01 +2.401705e+03 +8.693340e+02 -8.742433e+04 +3.397506e+07 -2.241638e+11 +1.966746e+10 +6.336135e+12 -1.057247e+15 +4.569289e+18 -1.041391e+18   -6.867524e-09 -1.287514e-05 +4.389132e-04 -2.015315e-03 -6.108694e-02 -1.692694e+02 -3.064977e+03 +5.513131e+04 +6.357635e+05 +4.306184e+09 +5.667039e+10 -3.104770e+12 -1.113443e+14 -3.064405e+16 -1.375666e+18   
Q20-057   +1.574392e+02   +4.889353e-07 -5.760790e-02 -1.398371e-03 -5.944523e-02 -1.159749e+00 +2.410484e+03 -1.230880e+02 +1.028570e+05 +2.689518e+07 -2.240199e+11 -2.759689e+10 -1.987418e+11 -6.118659e+14 +4.547330e+18 +2.898504e+18   +5.020663e-07 -9.464676e-06 -7.853870e-04 +7.992228e-03 +1.372306e+00 -1.095796e+02 -6.942572e+01 +2.197658e+05 +4.229215e+06 +6.387101e+08 -1.057160e+09 -1.071080e+13 -3.940483e+14 +7.315059e+16 +1.035952e+17   
Q20-061   +1.574371e+02   +4.857082e-07 -5.772254e-02 +1.224540e-04 -5.365867e-02 +8.319729e-01 +2.428586e+03 -2.710186e+03 -9.355355e+04 +6.403999e+06 -2.255900e+11 +1.005481e+10 +3.919810e+12 -3.469300e+14 +4.595213e+18 +2.387634e+18   +3.778839e-07 +1.521240e-05 -1.572985e-03 +6.992488e-04 +5.659610e-01 -2.861243e+02 +2.131594e+03 +6.087225e+04 +8.428496e+06 +8.231929e+09 -9.335423e+10 -1.064141e+13 -5.043384e+14 -1.450363e+17 +5.790045e+18   
Q20-063   +1.574379e+02   +7.397158e-08 -5.767576e-02 -5.333139e-04 -5.634507e-02 +3.241331e-01 +2.361042e+03 -1.711306e+03 -8.598660e+03 -5.652333e+06 -2.217035e+11 +8.357067e+10 +3.298557e+12 -2.449626e+13 +4.519174e+18 -1.299211e+18   +2.682736e-07 -9.527509e-06 -1.150456e-03 +5.205945e-03 +1.310866e+00 -2.059173e+02 +1.778233e+03 +2.165116e+05 +1.077787e+07 +2.692368e+09 -2.486700e+10 -1.102104e+13 -6.336826e+14 +7.642931e+16 +2.018132e+18   
Q20-065   +1.574379e+02   +2.907372e-07 -5.767234e-02 -1.920285e-03 -4.282039e-02 -1.280612e+00 +2.413768e+03 +1.632650e+03 -4.296328e+02 +7.302581e+06 -2.224029e+11 -4.287737e+10 +9.459158e+11 -2.118448e+14 +4.516942e+18 +3.357852e+18   +1.647222e-07 -1.730368e-05 -2.593206e-04 +1.292971e-02 +7.788201e-02 -1.929474e+02 +2.643503e+02 +1.259479e+04 +1.736876e+07 +2.742746e+09 -7.108193e+09 -4.038845e+12 -5.605956e+14 +5.207226e+16 -5.235420e+17   
Q20-066   +1.574365e+02   +9.567394e-07 -5.771524e-02 -4.835427e-05 -2.190551e-02 +2.326032e-01 +2.374878e+03 +4.850237e+02 -3.138559e+03 +2.588795e+07 -2.239064e+11 +5.646079e+10 -1.076858e+12 -8.444954e+14 +4.553351e+18 -2.835464e+18   -1.537093e-07 -1.172878e-05 +1.728923e-03 +1.816823e-02 -8.930159e-01 -2.077166e+02 -7.477942e+03 +2.377681e+05 +8.901614e+05 +4.395894e+09 +1.341764e+11 -6.840974e+12 -5.632076e+13 -1.170813e+16 -8.896025e+17   
Q20-068   +1.574380e+02   +4.758446e-07 -5.770163e-02 -1.322362e-03 -4.042986e-02 +5.437063e-01 +2.431139e+03 +1.920827e+02 +2.868563e+04 +1.705232e+07 -2.234670e+11 +4.249378e+10 +3.644691e+12 -3.698878e+14 +4.525435e+18 -1.149531e+18   +2.402529e-07 -1.718011e-05 -3.741889e-04 +5.524082e-03 +3.302296e-02 -3.008128e+02 +3.154578e+02 +2.103046e+05 +1.229868e+07 +7.915040e+09 -3.536765e+10 -1.388087e+13 -4.794629e+14 -1.355884e+17 +2.689417e+18   
Q20-069   +1.574364e+02   -2.460930e-07 -5.766981e-02 -6.867770e-04 -8.752906e-02 -1.442839e-03 +2.404069e+03 +4.803592e+03 +3.714525e+05 -6.215462e+06 -2.244424e+11 -9.726213e+10 -1.264878e+13 -2.316973e+14 +4.568203e+18 +2.596532e+18   +3.371565e-07 +2.052856e-05 -6.013595e-04 +1.907639e-02 -1.019945e-01 -1.864533e+02 -7.215237e+02 +1.119942e+05 +1.022070e+07 +4.245802e+09 +7.230177e+10 -5.794450e+12 -5.035463e+14 -5.480754e+16 -1.898988e+18   
Q20-071   +1.574368e+02   +6.809107e-07 -5.771515e-02 +1.944757e-04 -7.710770e-02 +3.597262e-01 +2.423387e+03 -2.812550e+03 +1.651005e+05 +1.916354e+07 -2.249837e+11 +6.157811e+10 -4.387629e+12 -8.282847e+14 +4.550451e+18 -2.770301e+16   +2.461636e-07 +5.634347e-06 +1.094789e-03 +9.041876e-03 -2.106003e+00 -1.818158e+02 -3.179736e+03 +4.439621e+04 +1.631906e+07 +3.243848e+09 +1.428728e+11 -7.323269e+12 -1.301245e+14 -1.045180e+16 -3.234448e+18   
Q20-073   +1.574372e+02   +8.294977e-07 -5.769112e-02 -6.346579e-04 -7.015286e-02 +2.832140e-01 +2.449368e+03 -3.941866e+02 +1.711711e+05 +1.976760e+07 -2.273336e+11 -5.790957e+10 -2.951037e+12 -3.282607e+14 +4.694816e+18 +5.013898e+18   +3.866234e-07 +2.621852e-05 -4.676337e-04 +1.411048e-02 -6.461910e-01 -1.911830e+02 +3.192054e+03 -7.584650e+04 +2.292164e+07 +5.517627e+09 -1.215232e+10 -1.960466e+12 -6.983889e+14 -1.085754e+17 +1.870938e+18   
Q20-074   +1.574376e+02   +3.722161e-07 -5.768261e-02 -1.727823e-03 -5.731979e-02 -2.760751e-01 +2.405002e+03 +2.057245e+02 +2.259644e+05 +2.492780e+07 -2.260057e+11 +1.508587e+10 -4.634981e+12 -2.109560e+14 +4.613675e+18 +1.751535e+18   +3.505027e-07 +2.690232e-06 -3.391478e-04 +1.586089e-02 +1.377292e-02 -2.174186e+02 +4.550670e+03 +2.976304e+03 +1.411896e+07 +5.318944e+09 -1.304181e+11 +8.967432e+10 -1.763335e+14 -1.146084e+17 +2.960945e+18   
Q20-076   +1.574369e+02   +6.590939e-07 -5.768895e-02 -1.026718e-03 -3.043835e-02 -1.953127e-01 +2.341784e+03 -9.005265e+02 +1.348267e+05 +2.548073e+07 -2.264314e+11 +2.406195e+10 -3.995331e+12 -5.541851e+14 +4.670517e+18 +1.915916e+18   +3.096681e-08 +2.033531e-05 -8.338382e-04 +3.232279e-02 +3.389654e-01 -2.550291e+02 +9.372758e+02 +4.128288e+05 -6.186157e+06 +7.768109e+09 -9.596759e+10 -1.559380e+13 -4.959745e+13 -2.305210e+17 +4.067022e+18   
Q20-077   +1.574378e+02   +1.148410e-07 -5.764996e-02 -7.318414e-04 -4.621788e-02 -1.117939e+00 +2.388741e+03 -1.987992e+03 +1.072554e+04 +3.752045e+06 -2.268241e+11 +5.474255e+10 -3.018992e+12 -5.080899e+13 +4.593895e+18 +5.826367e+17   +2.677154e-07 -1.079851e-05 -8.528568e-04 +2.018844e-02 +1.123127e+00 -2.403294e+02 +8.823091e+02 -1.849401e+04 +5.199042e+06 +2.462522e+09 -1.232717e+10 -8.926452e+10 -3.507296e+14 +1.694465e+16 +9.921486e+17   
Q20-078   +1.574377e+02   +6.666402e-07 -5.765688e-02 -5.452751e-04 -6.553291e-02 +6.664649e-01 +2.387166e+03 +6.449211e+02 -1.108024e+05 +2.922144e+07 -2.223737e+11 -7.866528e+10 +2.555822e+12 -6.870978e+14 +4.484576e+18 +3.718425e+18   +3.739086e-07 -1.001587e-05 -5.259149e-04 +2.259872e-02 -6.062930e-02 -2.631019e+02 +3.848570e+03 +3.184585e+04 +3.436597e+06 +5.391327e+09 -6.371822e+10 -1.026333e+13 +6.154417e+14 -1.595571e+17 -2.087792e+18   
Q20-080   +1.574374e+02   +7.676918e-07 -5.766920e-02 -7.620959e-06 -7.030915e-02 -1.745602e-02 +2.439307e+03 -7.089186e+02 +1.966476e+05 +8.550554e+06 -2.267603e+11 +3.464268e+10 -4.785240e+12 -6.526276e+14 +4.634177e+18 -9.582145e+17   +9.414453e-09 +9.501859e-06 -8.723283e-04 +8.371550e-03 +1.027734e+00 -1.666069e+02 +1.764387e+02 +1.404297e+05 -2.237228e+06 +4.338197e+09 +1.066088e+10 -9.384206e+12 +9.555976e+13 -6.388330e+16 -1.243396e+18   
Q20-081   +1.574374e+02   +3.498784e-07 -5.768208e-02 -9.683817e-04 -5.308085e-02 -4.885879e-01 +2.362153e+03 -1.281870e+03 +9.699677e+04 +3.242856e+07 -2.260130e+11 +2.175173e+10 -4.897336e+12 -6.870718e+14 +4.648720e+18 +3.384360e+18   +4.954673e-07 +5.252170e-06 -2.294285e-03 +1.903247e-02 +1.622729e+00 -2.308902e+02 +3.391167e+03 +3.148497e+04 -1.434115e+07 +6.894277e+09 -1.139191e+11 -5.518450e+12 +6.075617e+14 -1.931789e+17 +6.753795e+18   
Q20-082   +1.574376e+02   -2.394720e-08 -5.768038e-02 -9.358114e-04 -5.658341e-02 -3.919505e-02 +2.320577e+03 +6.440780e+02 +2.561838e+05 +2.928199e+06 -2.273209e+11 +4.085097e+10 -8.909555e+12 +3.475792e+14 +4.655871e+18 -6.006436e+18   +7.154847e-08 +4.910516e-06 -1.504655e-03 +1.761901e-02 +1.256160e+00 -1.639684e+02 +5.640067e+03 +6.346128e+04 -2.281568e+07 +5.238442e+09 -6.272798e+10 -7.227568e+12 +4.638769e+14 -1.432321e+17 +3.833770e+18   
Q20-083   +1.574361e+02   -4.630070e-08 -5.766639e-02 -1.113798e-03 -7.121658e-02 -5.474751e-01 +2.329639e+03 -1.263510e+03 +1.718180e+05 +1.400085e+07 -2.239449e+11 +6.681212e+10 -2.508413e+12 -2.598989e+14 +4.611339e+18 -2.606234e+17   +1.626090e-07 -2.077328e-05 -6.298065e-04 +2.257217e-02 +5.876778e-01 -2.012107e+02 +6.246744e+02 -8.591181e+04 -1.123881e+07 +3.609816e+09 -6.157266e+10 -2.551216e+12 +3.230868e+14 +4.563113e+15 +2.830880e+18   
Q20-086   +1.574383e+02   +7.252498e-07 -5.771319e-02 +3.597234e-04 -4.352560e-02 +4.130570e-01 +2.355262e+03 -3.401281e+03 +3.019016e+04 +1.760248e+07 -2.255291e+11 +1.699761e+10 +2.118995e+12 -3.501596e+14 +4.679297e+18 +1.329816e+18   +4.055370e-07 -5.445004e-06 -1.331022e-03 +4.170387e-03 +8.964369e-01 -1.849596e+02 +2.863661e+03 +1.409182e+05 +9.622970e+06 +3.461980e+09 -6.230995e+09 -4.720750e+12 -3.021091e+14 -9.658692e+15 -8.091176e+17   
Q20-087   +1.574378e+02   +6.652081e-07 -5.771061e-02 -4.604501e-04 -6.696861e-02 -1.821634e-01 +2.341197e+03 -3.436520e+03 +6.815923e+04 +1.408722e+07 -2.235274e+11 +1.185728e+11 +7.182589e+11 -9.133188e+14 +4.525047e+18 -2.384802e+18   +9.823060e-08 -1.957974e-05 -1.065586e-03 +1.245659e-02 +1.754934e+00 -1.690880e+02 +5.614370e+02 +2.142901e+05 -6.358333e+06 +2.104537e+08 -4.920724e+10 -1.333172e+13 -1.998041e+14 +5.034973e+16 +1.452999e+18   
Q20-088   +1.574374e+02   +9.871657e-07 -5.761536e-02 +9.464810e-05 -3.953378e-02 -1.503267e-01 +2.379026e+03 -2.663602e+03 +8.159910e+04 +2.479081e+07 -2.230775e+11 -1.323134e+10 -4.023210e+12 -6.924625e+14 +4.500721e+18 +1.864015e+18   +4.371664e-07 -2.082104e-05 -1.585147e-03 +3.268619e-02 +1.530267e+00 -2.267002e+02 +3.139701e+03 -1.542850e+05 +9.932672e+05 +4.784207e+09 -8.332429e+10 -3.263011e+12 -3.646752e+14 -5.723805e+16 +2.901167e+18   
Q20-090   +1.574374e+02   +7.214804e-07 -5.770633e-02 +1.338536e-04 -9.722379e-03 +4.877525e-01 +2.352382e+03 -2.772762e+03 -2.686017e+04 +1.022791e+07 -2.248528e+11 +1.029590e+11 +4.728503e+12 -4.697067e+14 +4.619740e+18 -3.698446e+18   -4.200820e-09 -1.095400e-05 -4.836277e-05 +1.291127e-02 +4.842531e-01 -1.243640e+02 -3.007384e+03 +3.739080e+04 +3.825743e+06 +2.295945e+09 +7.218723e+10 -1.056257e+13 -3.056253e+14 -1.924197e+16 -1.677399e+18   
Q20-091   +1.574357e+02   -3.901839e-07 -5.767741e-02 -1.144831e-03 -4.319759e-02 +5.644770e-02 +2.306772e+03 +1.715606e+03 +1.741604e+05 -6.666944e+06 -2.200240e+11 -2.451755e+10 +1.400713e+11 +4.358569e+14 +4.397595e+18 -3.134506e+17   -1.540224e-07 -4.300418e-06 +7.910487e-06 +7.766136e-03 -1.552912e-01 -2.160175e+02 +6.622672e+02 -1.402052e+05 -9.916525e+06 +4.183891e+09 +5.925753e+10 +2.217322e+12 +7.081691e+14 +5.405732e+16 -4.201907e+18   
Q20-092   +1.574376e+02   -1.425916e-07 -5.771052e-02 -2.031110e-03 -5.720897e-02 -7.621045e-01 +2.373608e+03 +4.929403e+03 +2.196841e+04 +1.233078e+07 -2.247048e+11 -1.104869e+11 -2.911867e+12 -7.526214e+14 +4.539407e+18 +3.632682e+18   +1.435529e-07 -1.941986e-05 -9.007492e-04 +1.429159e-02 +1.329268e+00 -1.345003e+02 +3.925261e+03 +9.873848e+04 +1.553260e+07 +5.537741e+08 -1.644956e+10 -7.302436e+12 -2.034985e+14 +3.345769e+16 -8.227545e+17   
Q20-094   +1.574363e+02   -8.683201e-08 -5.770578e-02 -3.621233e-03 -4.875374e-02 -1.017458e+00 +2.371277e+03 +5.745912e+03 -8.413238e+04 +1.711467e+07 -2.231147e+11 -3.123435e+10 +7.710611e+12 -2.956722e+12 +4.511493e+18 +8.777696e+17   +7.405008e-07 -8.801026e-06 -2.506327e-03 +2.216490e-02 +2.155110e+00 -2.006053e+02 +5.951988e+03 +2.147016e+05 +1.221754e+07 +5.475916e+09 -8.264504e+10 -9.463758e+12 -5.706202e+14 -9.052938e+16 -8.370541e+17   
Q20-098   +1.574403e+02   +6.742448e-07 -5.769229e-02 +5.072930e-05 -4.978183e-02 -2.527166e-01 +2.344621e+03 -3.150380e+03 +3.487791e+04 +3.633509e+07 -2.231966e+11 +8.420131e+10 +5.471193e+12 -1.075615e+15 +4.541886e+18 -3.598575e+18   -1.322730e-07 -1.004501e-05 +4.138031e-04 +1.153973e-02 -2.480170e-01 -1.302287e+02 -2.476080e+03 +1.965536e+04 -5.690829e+06 +2.859053e+09 +1.112062e+11 +1.124548e+11 +8.205364e+14 -2.243173e+16 -4.668979e+18   
Q20-102   +1.574370e+02   +5.645315e-07 -5.771064e-02 +2.984416e-05 -3.658007e-02 +7.700217e-02 +2.253859e+03 -3.305215e+03 -2.611338e+04 +1.066342e+07 -2.224143e+11 +6.878752e+10 +7.606770e+11 -2.523975e+14 +4.586369e+18 -2.052861e+18   +2.471087e-07 +2.128552e-05 -9.424589e-04 +1.395138e-02 +5.345186e-01 -3.421047e+02 +3.145482e+03 +2.426284e+05 -2.036701e+06 +1.054662e+10 -1.228758e+11 -5.694566e+12 +2.714259e+14 -2.454614e+17 +2.140668e+18   
Q20-106   +1.574395e+02   +3.481780e-07 -5.769497e-02 +3.072971e-05 -2.836939e-02 -2.501070e-02 +2.387653e+03 -4.221845e+03 +1.024501e+05 +1.569988e+06 -2.237493e+11 +4.216121e+10 -4.247465e+12 +6.533272e+14 +4.550167e+18 +1.911014e+18   +1.049902e-07 -9.605912e-06 -4.746599e-04 +1.320840e-02 +6.505674e-02 -2.457935e+02 +3.000455e+03 +1.517186e+05 +4.175619e+06 +6.073532e+09 -6.693841e+10 -4.442878e+12 -2.135495e+13 -8.708615e+16 +1.023795e+18   
Q20-115   +1.574372e+02   +2.142205e-07 -5.769430e-02 -1.547184e-03 -3.118606e-02 +5.335290e-01 +2.362510e+03 +7.731299e+02 -2.304611e+05 -2.220886e+07 -2.235451e+11 +1.459798e+11 +1.171077e+13 +7.604105e+14 +4.515369e+18 -8.282585e+18   +6.247931e-07 -1.578713e-05 -1.483559e-03 +4.868217e-03 +1.847601e+00 -1.730546e+02 -9.230411e+02 +1.946475e+05 +1.444545e+07 +5.955326e+09 +1.379939e+11 -8.464848e+12 -9.068168e+14 -2.025089e+17 -6.676091e+18   
Q20-118   +1.574370e+02   +5.570166e-07 -5.771288e-02 -6.580607e-04 -3.206890e-02 -2.711572e-01 +2.443263e+03 -1.217559e+03 +8.943184e+04 +1.666916e+07 -2.238908e+11 +1.680841e+10 +8.720974e+11 -2.539262e+14 +4.549192e+18 +9.446407e+17   +4.887012e-07 -2.060570e-05 -1.762468e-03 +2.231854e-02 +1.940304e+00 -1.238868e+02 +2.696016e+03 -5.706295e+04 -5.502564e+06 +1.476527e+09 -5.834137e+10 -2.370230e+12 +1.769399e+14 +3.349424e+16 +1.087538e+18   
Q20-120   +1.574360e+02   -2.651798e-08 -5.771762e-02 -1.543059e-03 -7.374152e-03 -1.279310e+00 +2.367631e+03 +3.225317e+03 -1.729906e+05 +3.029822e+07 -2.213989e+11 -1.581873e+11 +1.256526e+13 -1.303968e+15 +4.495730e+18 +6.792760e+18   +2.902208e-07 -1.681964e-05 -1.551324e-03 +4.720109e-03 +1.622078e+00 -2.145715e+02 +3.238809e+03 +5.352108e+04 +3.741511e+06 +3.623624e+09 -1.176556e+11 -6.690852e+12 -1.490979e+14 +3.452290e+16 +3.256582e+18   
Q20-121   +1.574369e+02   -5.013813e-07 -5.773774e-02 -2.390640e-03 -5.195806e-02 -1.787768e+00 +2.382706e+03 +6.119542e+03 +2.358978e+05 +3.159510e+06 -2.246741e+11 -4.634220e+10 -8.373723e+12 +2.826872e+14 +4.570106e+18 +2.458293e+18   +1.690612e-07 -1.899529e-05 +4.965746e-04 +7.535749e-03 +9.037862e-01 -2.664066e+02 -5.103908e+02 +4.967604e+04 -6.924361e+06 +7.603122e+09 +1.340374e+09 -4.603553e+12 +5.219710e+14 -1.831762e+17 -2.368567e+18   
Q20-123   +1.574378e+02   +3.913932e-07 -5.762953e-02 -1.520966e-03 -1.731611e-02 -7.872303e-01 +2.434034e+03 +1.686186e+03 -1.242152e+05 +1.521690e+07 -2.227374e+11 -4.700425e+10 +5.221787e+12 -3.174985e+13 +4.511399e+18 +2.984179e+18   +2.531367e-07 -1.412434e-05 -1.197716e-03 +9.593236e-03 +1.779529e+00 -1.710780e+02 +2.485589e+03 +4.084715e+05 -2.555616e+07 +4.307669e+09 -4.909783e+10 -2.372397e+13 +1.145514e+15 -5.200969e+16 -4.423007e+18   
Q20-129   +1.574377e+02   +5.256232e-07 -5.773393e-02 -2.710317e-04 -7.163996e-02 +6.859113e-02 +2.449689e+03 -2.100426e+03 +1.642070e+05 +1.116517e+07 -2.251646e+11 +2.928433e+10 -5.238959e+12 -3.816476e+14 +4.608160e+18 -4.876317e+17   +6.029721e-08 +1.297852e-05 -1.357417e-03 +1.475784e-02 +9.448919e-01 -1.746890e+02 +2.816701e+03 +1.015790e+05 -7.076355e+06 +5.115232e+09 -6.882399e+10 -7.491490e+12 -1.470754e+14 -7.140031e+16 +1.020033e+18   
Q20-131   +1.574372e+02   +4.070156e-07 -5.771482e-02 -7.954689e-04 -1.912872e-02 -4.995396e-01 +2.397306e+03 -2.224207e+02 -1.739747e+05 +1.408715e+07 -2.220622e+11 +1.584609e+10 +7.309943e+12 -2.873911e+13 +4.494118e+18 +8.466716e+17   +1.791192e-07 +2.305438e-05 -8.175698e-04 +1.569151e-02 +1.085537e+00 -2.655116e+02 +5.916254e+02 -9.391383e+03 -2.617037e+06 +7.897917e+09 -4.647845e+10 -3.543040e+12 +2.046753e+14 -1.476779e+17 +1.554064e+18   
Q20-132   +1.574362e+02   +1.453374e-07 -5.773360e-02 +3.142664e-05 -5.061119e-02 +1.007738e-02 +2.408502e+03 -2.517878e+03 +1.004593e+05 +1.706263e+07 -2.255138e+11 -1.475310e+10 -2.345245e+12 -4.232875e+14 +4.631963e+18 +3.711345e+18   -8.106274e-08 -3.063999e-06 -1.761295e-04 -2.087459e-03 +1.058399e+00 -1.963265e+02 -4.738956e+03 +2.459885e+04 -4.218128e+06 +4.576778e+09 +5.636261e+10 -5.061967e+12 -1.209068e+14 -1.137127e+17 -4.863485e+17   
Q20-133   +1.574376e+02   +8.182435e-07 -5.774336e-02 -4.836393e-05 -1.442915e-02 +8.789108e-02 +2.445952e+03 -3.881444e+03 -3.508983e+04 +2.306278e+07 -2.239572e+11 +6.177143e+10 -7.226380e+11 -7.347559e+14 +4.531481e+18 -1.427749e+18   -2.260296e-07 +5.890764e-06 +8.200722e-04 +3.211698e-02 -1.920818e-03 -1.821554e+02 -2.772813e+03 +7.806725e+04 -3.759561e+06 +4.346646e+09 +1.052357e+10 -5.704102e+12 +2.055041e+14 -6.370988e+16 +4.513015e+17   
Q20-137   +1.574387e+02   +7.208050e-07 -5.769547e-02 -6.985424e-04 -3.618305e-02 -4.009009e-02 +2.470109e+03 +7.975593e+02 +4.334324e+04 +2.151531e+07 -2.239833e+11 -1.138307e+11 +2.150667e+12 -9.989621e+14 +4.521508e+18 +6.021667e+18   -1.372307e-07 +6.190989e-06 -5.095683e-04 +2.296029e-02 +1.275000e+00 -2.090573e+02 +1.263299e+03 +6.345970e+04 -1.406769e+07 +4.724687e+09 -6.225703e+10 -5.162281e+12 +7.973021e+14 -8.800073e+16 +4.495171e+18   
Q20-141   +1.574367e+02   -2.358520e-07 -5.777645e-02 -2.331539e-03 -1.407844e-02 -3.267493e+00 +2.397857e+03 +1.652096e+03 +1.955670e+05 +1.663858e+07 -2.237737e+11 -2.154766e+10 -1.149645e+13 -3.336394e+14 +4.569886e+18 -7.627434e+17   +2.381574e-07 +2.198104e-05 -7.886478e-04 +1.908242e-02 +5.755540e-01 -2.833121e+02 +1.007445e+03 +1.457209e+05 -1.335660e+06 +9.455095e+09 +1.396739e+10 -1.055020e+13 +4.631797e+12 -2.495645e+17 -2.195397e+18   
Q20-145   +1.574358e+02   +4.527891e-07 -5.771522e-02 -9.429729e-04 -7.895402e-02 +1.597519e-01 +2.340593e+03 -1.578368e+03 +1.374954e+05 +1.173262e+07 -2.235143e+11 +4.944642e+10 -1.255662e+12 -1.669916e+13 +4.537874e+18 -8.713742e+17   +1.804332e-07 -1.494271e-05 -1.343870e-03 +1.144941e-02 +1.154692e+00 -2.478455e+02 +1.941952e+03 +1.120331e+05 +2.103147e+06 +6.270752e+09 +3.969940e+09 -7.166489e+12 -3.716028e+14 -1.222535e+17 -8.958363e+17   
Q20-146   +1.574387e+02   +4.733642e-07 -5.773118e-02 -1.280903e-03 -5.863962e-02 -1.533571e+00 +2.375771e+03 +4.148298e+02 +3.218444e+04 +2.532838e+07 -2.252916e+11 -1.083521e+10 -3.417838e+12 -6.939158e+14 +4.505707e+18 +3.878455e+17   -2.456441e-08 -1.873008e-05 -1.058305e-03 +4.828323e-02 +1.321357e+00 -1.828400e+02 +4.832347e+02 +6.119990e+04 -8.525064e+06 +6.157000e+08 -2.745202e+10 -1.432366e+13 -6.521408e+13 +2.444433e+16 +4.345228e+17   
Q20-147   +1.574384e+02   +7.589711e-07 -5.771755e-02 -7.344098e-04 -1.040133e-01 +3.547781e-01 +2.435168e+03 -3.494689e+03 +7.017602e+04 +9.070411e+06 -2.233171e+11 +1.571972e+11 +1.755557e+12 -5.912210e+14 +4.546792e+18 -4.456610e+18   +1.270657e-07 -1.202798e-05 -1.292356e-03 +2.719564e-02 +1.730810e+00 -2.099248e+02 +8.237507e+02 -1.076953e+05 -2.264533e+06 +4.262576e+09 -1.913802e+10 -5.837751e+12 -9.542824e+13 +2.240088e+16 +2.624472e+17   
Q20-152   +1.574388e+02   +4.303656e-07 -5.770454e-02 -1.259136e-03 -1.023377e-01 -1.104911e+00 +2.424604e+03 -7.373672e+02 +2.567380e+05 +1.907915e+07 -2.255231e+11 +1.483669e+09 -9.608521e+11 -5.263509e+14 +4.548665e+18 +1.558827e+18   -4.918615e-07 -4.009363e-06 +2.286923e-05 +2.318373e-02 +4.462053e-01 -1.801969e+02 -4.184207e+02 +8.168368e+03 +2.267181e+06 +1.457927e+09 -4.886376e+10 -4.420994e+12 -2.933333e+14 -6.958475e+15 +3.235149e+18   
Q20-155   +1.574385e+02   +5.665904e-07 -5.768505e-02 -1.796264e-03 +1.021655e-03 -1.535327e+00 +2.353577e+03 +1.631018e+03 -5.949558e+04 +3.068192e+07 -2.273572e+11 -4.738151e+10 +3.335451e+11 -6.961810e+14 +4.612383e+18 +2.733390e+18   +3.426976e-07 +8.586032e-06 -6.709610e-04 +1.144556e-02 +3.758126e-01 -2.844481e+02 +1.635807e+03 +4.785796e+04 +9.560419e+06 +2.483122e+09 -2.074037e+10 -4.667753e+12 -3.713092e+14 +7.849891e+16 -3.928445e+18   
Q20-168   +1.574374e+02   +5.089978e-07 -5.764920e-02 -1.037544e-03 -5.403109e-02 -5.441266e-01 +2.264586e+03 -1.610745e+03 +6.916609e+04 +1.370014e+07 -2.203227e+11 +7.367697e+10 +3.478355e+11 -3.630909e+14 +4.427980e+18 -2.167218e+18   +2.545737e-07 -1.864777e-05 -3.570530e-04 -3.373942e-03 -5.189542e-01 -1.991487e+02 +1.455424e+03 +1.265495e+05 +1.163121e+07 +3.241519e+09 -3.582068e+10 -9.709586e+11 -3.311226e+14 +1.167742e+16 +2.234233e+18   
Q20-169   +1.574375e+02   +5.324550e-07 -5.765211e-02 -1.354519e-03 -2.863972e-02 -9.812923e-01 +2.274644e+03 -4.308983e+02 -8.328245e+04 +1.327623e+07 -2.210827e+11 -7.685647e+09 +4.915837e+12 -2.692570e+14 +4.471291e+18 +9.292081e+17   -1.408166e-07 -9.418823e-06 -6.031318e-04 +2.842849e-02 +1.204402e+00 -1.959757e+02 +8.648562e+02 +1.370161e+05 -5.325776e+06 +3.232311e+09 -3.275998e+10 -1.493353e+13 -1.642555e+14 +2.326773e+16 +1.485694e+18   
Q20-172   +1.574342e+02   -1.329377e-08 -5.766961e-02 -1.738529e-03 -9.044382e-03 -1.790867e+00 +2.339041e+03 -1.454217e+02 -5.247505e+04 +9.411087e+06 -2.227429e+11 -1.368855e+10 +8.949942e+11 +1.588718e+13 +4.516952e+18 +7.864060e+17   -5.000447e-07 -2.073496e-05 +1.729698e-04 +2.684474e-02 -1.809870e-01 -1.409960e+02 +6.566604e+01 +3.957077e+04 -1.447760e+07 +1.428801e+09 +6.963385e+08 -1.063341e+13 +4.605201e+14 +8.611757e+16 -4.592126e+17   
Q20-173   +1.574400e+02   +5.697360e-07 -5.763070e-02 -9.250038e-04 -5.114459e-02 -7.563796e-01 +2.311070e+03 +1.305887e+03 +1.099705e+05 +1.838420e+07 -2.230360e+11 -1.569252e+11 -3.257435e+12 -2.278659e+14 +4.348754e+18 +6.889151e+18   -1.207029e-07 -1.255370e-05 -7.203214e-04 -4.500018e-03 +5.867319e-01 -2.531851e+02 +1.707140e+03 +2.441068e+05 -1.064898e+07 +4.076784e+09 +5.545061e+10 -8.900337e+12 +1.009964e+14 -4.005372e+16 -7.009451e+18   
Q20-174   +1.574355e+02   -1.294183e-07 -5.769357e-02 -3.207303e-04 -2.517516e-02 +3.334722e-01 +2.328594e+03 -2.157502e+03 +1.604704e+04 -8.872351e+06 -2.223958e+11 +5.812843e+10 -1.277103e+11 +1.273316e+14 +4.450347e+18 -2.535804e+18   +7.618174e-08 -1.141578e-05 +2.273954e-04 +2.228462e-02 -6.461789e-01 -1.434283e+02 -1.533255e+03 +7.662471e+04 +9.735600e+06 +2.586643e+09 +4.407784e+10 -1.025622e+13 -3.653239e+14 +1.170148e+16 -1.041228e+18   
Q20-175   +1.574377e+02   -7.351289e-09 -5.769623e-02 -1.815668e-03 -2.060183e-02 -1.279744e+00 +2.316996e+03 +1.436650e+03 -9.191814e+04 +2.721322e+06 -2.236758e+11 -2.881366e+10 +2.462052e+12 +1.621782e+13 +4.540946e+18 +1.387929e+18   -5.184815e-07 +4.414601e-06 +1.223743e-03 +1.181951e-02 -1.584946e+00 -1.135560e+02 -3.753612e+03 -2.303445e+04 +2.232441e+06 +1.653767e+09 +6.579326e+10 -4.744963e+12 +6.171416e+13 +2.456996e+16 -2.270813e+17   
Q20-177   +1.574401e+02   -2.019923e-08 -5.767853e-02 -1.230450e-03 -8.204155e-02 -1.353402e+00 +2.364093e+03 -1.262977e+03 +3.066360e+05 +1.864068e+07 -2.265025e+11 -7.873826e+10 -6.535470e+12 -5.030319e+14 +4.534761e+18 +4.582340e+18   +3.763224e-07 +3.762490e-06 -1.485102e-03 +2.283439e-02 +7.140487e-01 -1.978644e+02 +5.832447e+03 -9.537094e+04 -1.900605e+06 +1.299257e+09 -1.559193e+11 +1.220740e+13 +6.511143e+14 +5.134101e+16 +4.292015e+18   
Q20-179   +1.574400e+02   +5.475432e-07 -5.773226e-02 -1.115518e-03 +1.414711e-02 -9.116952e-01 +2.267015e+03 +1.108767e+03 -9.296843e+04 +3.595279e+07 -2.246638e+11 -1.680950e+10 +1.486768e+12 -1.413491e+15 +4.523976e+18 +2.200534e+17   +1.897306e-08 -9.774968e-06 -8.043153e-04 +1.027823e-02 +4.633468e-01 -2.184795e+02 +5.496389e+02 +2.257053e+05 -7.671253e+06 +4.688333e+09 +7.556980e+10 -9.460906e+12 +3.351344e+14 -1.210381e+17 -3.426923e+18   
