# multipoles are divided by excitation current and units are [T], [m] and [A]
# harmonics (dipole n=0): 00 01 02 03 04 05 06 07 08 09 10 11 12 13 14 
# MAG_LABEL   CURRENT[A]   <NORMAL_MULTIPOLES/CURRENT>[T/m^(n-1)/A]   <SKEW_MULTIPOLES/CURRENT>[T/m^(n-1)/A]
Q20-006   +5.997450e+00   +3.953185e-07 -6.294220e-02 -3.201217e-03 -1.284760e-01 -2.561812e+00 +2.408790e+03 +4.264808e+03 -8.875234e+03 -7.942162e+06 -2.469333e+11 -2.893913e+11 -1.390147e+13 +3.718209e+14 +5.015283e+18 -7.624187e+18   +9.492474e-07 -9.230059e-06 -1.615595e-03 +2.892874e-02 +6.908930e-01 -1.257866e+02 +2.385866e+02 -1.427268e+04 +3.862523e+07 +2.522190e+09 -2.200722e+11 +6.040702e+12 +1.416044e+14 +1.791847e+16 -5.117080e+18   
Q20-018   +5.997200e+00   +1.479904e-06 -6.260863e-02 +5.518859e-04 -9.414388e-02 +4.773876e-01 +2.269094e+03 -6.767972e+03 +2.688766e+03 +1.671328e+07 -2.466756e+11 +2.177031e+11 -5.504787e+12 -5.229595e+14 +4.937409e+18 +7.537134e+18   +4.310583e-07 -2.454587e-05 -6.746660e-04 +1.493434e-02 +9.921068e-01 -2.006855e+02 +1.099547e+03 +9.956408e+04 -9.020893e+06 +1.848021e+09 -3.533291e+10 -5.611832e+12 -6.903843e+14 -2.110128e+17 -1.024571e+19   
Q20-031   +5.997450e+00   +1.950854e-06 -6.253758e-02 +9.157212e-04 -7.709438e-02 +2.207196e-01 +2.193671e+03 -4.343398e+03 +7.346937e+04 +5.494255e+07 -2.453658e+11 +1.686185e+11 -9.760200e+12 -4.825746e+14 +5.009851e+18 +8.983490e+18   +1.450198e-06 -1.551042e-05 -2.342656e-03 +2.452306e-02 +1.991321e+00 -1.824244e+02 +1.844454e+03 +1.104697e+05 +1.601486e+07 +6.194339e+09 -8.951343e+08 -4.116359e+12 -6.293458e+14 -1.990958e+16 +1.177731e+18   
Q20-042   +5.997450e+00   +7.593811e-07 -6.269633e-02 -1.037847e-03 -1.071297e-01 -2.924370e-01 +2.238171e+03 +4.674939e+03 -2.737353e+05 +1.820082e+07 -2.525550e+11 +7.085115e+10 +2.436389e+12 -3.984719e+13 +4.367118e+18 +8.618963e+17   +8.800939e-07 -1.248456e-05 -1.160324e-03 +7.597379e-03 +2.710824e+00 -1.145080e+02 +2.129016e+03 -1.306154e+05 -1.969007e+07 +3.957250e+09 -2.024340e+11 -1.963051e+13 -2.099767e+15 -1.147673e+17 -8.130144e+18   
Q20-052   +5.997100e+00   +1.173094e-06 -6.277096e-02 -3.834974e-04 -2.399667e-02 -1.127435e+00 +2.256432e+03 -5.800712e+03 +3.359267e+05 +2.182522e+06 -2.431975e+11 +1.383405e+11 +6.878578e+12 -9.173444e+14 +4.871238e+18 +9.746954e+18   +6.264866e-08 -4.758937e-06 +6.358220e-04 +8.564233e-03 -3.772847e-02 -1.872520e+02 -4.629202e+03 -7.686912e+04 +1.737343e+07 +3.511426e+09 +9.414999e+09 -9.612316e+12 -6.976832e+14 +1.175118e+16 +1.756120e+18   
Q20-054   +5.997600e+00   +2.615891e-06 -6.281102e-02 +4.469218e-03 -4.917820e-02 +2.686388e+00 +2.211680e+03 -1.482576e+04 +2.008357e+05 +1.377624e+07 -2.399343e+11 +1.404063e+11 -6.610289e+12 +9.204669e+14 +4.916912e+18 -2.568617e+18   -6.226822e-09 -6.389446e-06 +9.432715e-04 +1.170105e-02 +1.234426e+00 -2.408904e+02 -6.650500e+02 -3.014934e+04 +1.271607e+07 +5.627439e+09 -2.374663e+11 -1.020810e+13 +8.360242e+14 -1.353930e+17 +2.705027e+18   
Q20-084   +5.996900e+00   +1.601443e-06 -6.278629e-02 +5.046139e-04 -4.031543e-02 -2.152400e+00 +2.327117e+03 +4.804231e+03 -7.011739e+05 +3.914651e+07 -2.384919e+11 +1.924996e+11 -1.966623e+12 +1.626164e+14 +5.168589e+18 -2.842545e+18   +6.655072e-07 +9.280190e-06 -6.048640e-04 +3.438400e-02 +1.651394e+00 -2.823142e+02 -1.088725e+03 -1.110992e+06 -2.520979e+07 +4.800310e+09 -1.349208e+11 +1.078157e+13 -1.681320e+15 -1.536790e+17 -1.176004e+19   
Q20-085   +5.995200e+00   +1.477589e-06 -6.303086e-02 +1.011495e-03 -1.765110e-02 +1.557212e+00 +2.211422e+03 +1.394749e+03 -2.341853e+05 +3.064578e+07 -2.422812e+11 +9.936583e+10 -5.674460e+11 +8.244089e+14 +5.044160e+18 -4.912363e+19   -3.702093e-07 -1.053314e-05 +1.090247e-03 +1.275221e-02 -3.881408e-01 -2.643705e+02 -1.467758e+04 -4.880850e+05 -5.513633e+07 -5.661883e+09 -1.086656e+11 -3.550304e+13 -6.567592e+15 -3.522576e+17 -1.924206e+19   
Q20-089   +5.997000e+00   +1.616197e-06 -6.264030e-02 +3.076903e-04 -6.790712e-02 -2.697645e-01 +2.082019e+03 +3.594035e+03 +4.801492e+05 +4.335483e+07 -2.374539e+11 +4.470153e+11 +4.256702e+13 -5.290258e+13 +4.955843e+18 +1.404066e+19   -7.030975e-09 -2.762818e-07 +7.333850e-04 +1.713548e-02 +1.052388e+00 -2.421854e+02 -4.845916e+03 -3.948177e+05 +1.095350e+07 +3.201594e+09 -2.394199e+11 -6.231352e+13 -2.616857e+15 +7.313122e+15 -6.780512e+18   
Q20-093   +5.995250e+00   +1.673823e-06 -6.285047e-02 +9.647086e-04 -2.729633e-02 +1.725753e-02 +2.118746e+03 -5.705223e+03 -1.488347e+04 +4.715156e+07 -2.385842e+11 +1.742635e+10 +4.587096e+12 -1.647582e+15 +4.882325e+18 -1.215273e+17   +5.176708e-07 -7.929307e-07 -3.808141e-04 +1.234116e-02 +1.623516e+00 -1.634457e+02 -6.722999e+03 +3.598909e+05 +1.947238e+07 +2.626037e+09 +2.460515e+11 +2.596863e+13 +8.035483e+14 +1.578610e+16 -1.367841e+19   
Q20-099   +5.995000e+00   +9.852148e-07 -6.412048e-02 -2.114132e-03 -8.562309e-02 -3.975730e-01 +2.297148e+03 +2.513104e+03 -1.318095e+05 +1.591076e+07 -2.529593e+11 +5.370270e+11 -2.081381e+13 +2.907396e+15 +5.043498e+18 +2.930510e+18   +2.146682e-06 -1.244794e-05 -5.434977e-03 +1.362558e-02 +3.653771e+00 -2.056754e+02 +9.018007e+03 -1.871109e+05 +2.582942e+07 +6.494969e+09 +2.123595e+10 +6.168535e+12 +1.654639e+15 -8.472666e+16 +5.415640e+18   
Q20-100   +5.997800e+00   +4.809455e-07 -6.271044e-02 -4.319240e-03 -3.767877e-02 -2.611464e+00 +2.059023e+03 +1.151915e+04 -7.262693e+05 +8.328382e+06 -2.405280e+11 +4.344673e+11 -4.524411e+12 -1.161316e+15 +4.963598e+18 +3.739316e+19   -6.825008e-08 -8.038357e-06 +9.969199e-04 +1.883014e-03 -1.795583e-01 -6.229481e+01 +5.311174e+03 -1.760949e+05 -6.578849e+07 -7.144676e+07 -2.761154e+11 -3.248881e+13 +2.746259e+15 +1.165441e+17 -3.460684e+18   
Q20-105   +5.997000e+00   +1.981843e-06 -6.282811e-02 +2.873945e-03 -2.469038e-02 +1.953530e+00 +2.207344e+03 -6.703804e+03 -2.081294e+05 +1.502009e+07 -2.430075e+11 -6.622545e+10 +7.891142e+12 -2.158216e+13 +4.832643e+18 +2.915453e+17   +1.242428e-06 -7.031567e-06 -4.180285e-03 +1.181916e-02 +3.251142e+00 -1.821346e+02 +8.688443e+03 +1.917150e+05 +2.172084e+07 +4.942171e+09 -3.273108e+11 -1.038115e+13 -4.106672e+14 +4.013697e+15 +2.455806e+18   
Q20-110   +5.996850e+00   +4.845817e-07 -6.272556e-02 -2.666306e-03 -7.318512e-02 -2.358817e+00 +2.240758e+03 +3.196683e+02 +4.804509e+04 +1.928194e+07 -2.430174e+11 +2.771452e+11 -1.573612e+13 +2.700278e+15 +5.018211e+18 -5.636789e+18   -2.123408e-07 +1.627057e-05 +1.031682e-03 -1.724504e-03 -5.591726e-01 -3.090733e+02 +5.189448e+03 +3.634618e+05 -4.791917e+06 +5.473825e+09 +7.434383e+10 +2.688608e+13 +1.030658e+15 -1.905751e+17 +1.608775e+19   
Q20-114   +5.997350e+00   +1.068097e-06 -6.279689e-02 -2.997721e-04 -1.639017e-02 -6.101050e-01 +2.212914e+03 -9.107811e+03 +4.693538e+04 -1.389290e+07 -2.435209e+11 +3.629686e+09 +4.651604e+12 -1.732133e+15 +4.919176e+18 +7.211867e+18   +1.202365e-06 +4.924955e-06 -5.250524e-03 +2.302042e-02 +4.765506e+00 -2.316288e+02 +9.564573e+03 -8.454719e+04 -1.179731e+07 +3.623407e+09 -1.386837e+10 +1.053604e+11 +9.057442e+14 -1.355152e+17 +9.523138e+18   
Q20-117   +5.997550e+00   +1.329632e-06 -6.270894e-02 -1.057797e-03 -4.354845e-02 -8.643471e-01 +2.267678e+03 -1.167716e+03 +1.956509e+05 +2.960832e+07 -2.426097e+11 -1.204020e+11 +7.541690e+12 -3.430264e+14 +4.986101e+18 -7.292536e+16   -7.037314e-09 -9.663674e-06 -1.346635e-04 -2.781359e-03 +2.091777e+00 -1.933533e+02 -3.770003e+03 +5.853639e+05 -4.833252e+06 +3.067406e+09 -7.165037e+10 +6.286122e+12 -3.067391e+14 -4.662521e+16 -1.223460e+15   
Q20-122   +5.996950e+00   +9.321088e-07 -6.240597e-02 -1.733083e-03 -1.245312e-02 -1.343489e+00 +2.247439e+03 +2.104728e+03 +1.761162e+05 -5.831127e+06 -2.401606e+11 +1.827584e+10 -6.806285e+12 +3.552819e+13 +4.909949e+18 -4.206628e+18   +6.371817e-07 +2.429202e-06 -6.424549e-04 +1.662255e-02 +6.443294e-01 -1.196295e+02 +6.694296e+02 -8.078753e+04 +2.261391e+07 +1.875865e+09 +1.555673e+11 -2.567672e+12 -1.549751e+15 +2.258370e+16 +5.916061e+17   
Q20-124   +5.995150e+00   +8.447965e-07 -6.271958e-02 -8.596402e-04 -2.439994e-02 +8.994109e-02 +2.239992e+03 -2.928779e+03 +4.596032e+05 +1.609025e+07 -2.366214e+11 -1.913318e+11 -1.253844e+12 +1.070786e+15 +4.846818e+18 +1.214440e+16   +1.177970e-06 -8.670499e-06 -3.793286e-03 +2.254666e-02 +3.574616e+00 -2.443664e+02 -2.805184e+03 -3.084465e+05 +4.351030e+07 +2.824763e+09 -1.718904e+11 +4.042728e+12 -7.357836e+13 -3.734826e+15 +7.076704e+18   
Q20-126   +5.995100e+00   +1.289607e-06 -6.242823e-02 +8.853939e-05 -2.998736e-04 +5.086067e-01 +2.211044e+03 -5.392145e+03 -3.484394e+05 +3.020191e+07 -2.398464e+11 -5.315953e+11 +2.282177e+13 -1.936521e+15 +4.798135e+18 -2.789230e+18   +1.088874e-06 +6.644982e-06 -1.840682e-03 -9.171245e-04 +2.891777e+00 -1.785924e+02 -1.251319e+03 -1.033158e+04 -1.839651e+07 +2.116645e+09 -1.313033e+11 -5.966282e+12 -8.390025e+14 +2.531689e+16 -6.161418e+18   
Q20-128   +5.995300e+00   +1.358633e-06 -6.269269e-02 -1.038747e-03 -4.918204e-02 -8.771294e-01 +2.267171e+03 +3.871776e+02 +1.719130e+05 +1.033451e+07 -2.426312e+11 -1.309560e+11 +7.839568e+12 -7.732999e+14 +4.794397e+18 -9.293410e+18   -5.759190e-07 -1.013323e-05 +2.448438e-03 +3.828095e-02 -1.150956e+00 -1.676140e+02 -5.991795e+03 +9.861850e+04 +1.837054e+07 +2.958749e+09 +1.100740e+11 +2.614476e+12 +1.604376e+14 -1.390194e+16 +8.032591e+18   
Q20-138   +5.997250e+00   +9.239206e-07 -6.257903e-02 -1.680709e-03 -4.409359e-02 -3.590779e+00 +2.498769e+03 +1.838188e+03 -5.782645e+05 +1.838509e+07 -2.443990e+11 -8.517045e+10 +2.813896e+13 +1.197231e+15 +4.958634e+18 +9.249713e+17   -4.864258e-07 +1.249439e-05 +3.359883e-03 +1.144687e-02 -2.091552e+00 -2.525914e+02 -1.132852e+04 +1.270386e+06 -1.024957e+08 +9.319016e+09 -2.280715e+11 +4.078928e+13 -2.438661e+15 +4.318439e+16 -2.010300e+19   
Q20-143   +5.998150e+00   +1.966588e-06 -6.254230e-02 +3.100184e-04 -3.392493e-02 +6.825876e-01 +2.177450e+03 -4.796809e+03 +2.323910e+04 +4.521007e+07 -2.431561e+11 -1.696593e+11 +1.542555e+13 -2.409168e+15 +5.009376e+18 +7.270502e+18   +2.319337e-07 +5.966390e-06 +1.372318e-03 -6.688899e-03 +6.148828e-01 -2.322683e+02 -5.831733e+03 +1.976698e+05 +1.261506e+07 +1.470378e+09 +1.642287e+11 -5.099716e+12 -1.972178e+14 +1.043067e+17 +8.304777e+18   
Q20-144   +5.995150e+00   +1.727840e-06 -6.280839e-02 -9.541731e-04 +1.528243e-02 -1.481254e+00 +2.177048e+03 -7.202961e+03 +7.478448e+05 +4.840036e+07 -2.407514e+11 -2.193265e+11 +2.627741e+13 +1.133040e+15 +4.926377e+18 +2.511954e+19   +5.197978e-07 -6.419506e-06 +2.491275e-04 +1.324221e-02 +7.849877e-01 -2.158056e+02 -5.386711e+03 -4.617117e+05 +7.450786e+06 +3.362310e+09 +1.550025e+11 -2.602250e+13 -1.908798e+15 -1.593072e+17 +1.727068e+19   
Q20-150   +5.997400e+00   +9.078731e-07 -6.264795e-02 -3.327819e-03 +1.283098e-02 -2.549623e+00 +2.004635e+03 +1.668658e+03 -1.634395e+05 +2.987651e+07 -2.381822e+11 +1.143593e+11 +1.240830e+13 -2.101191e+15 +4.794794e+18 -1.130996e+19   +6.508572e-07 +1.116779e-05 -7.625091e-04 -1.265123e-03 +2.291403e+00 -3.154689e+02 +8.577774e+02 +2.287780e+05 +4.974622e+07 +6.335374e+09 -2.186778e+11 -1.414955e+13 -1.612236e+15 -1.105577e+17 -2.071341e+18   
Q20-154   +5.997650e+00   +1.451725e-06 -6.256185e-02 -7.522908e-04 -5.647017e-02 +2.654250e-01 +2.177046e+03 +1.223868e+03 +1.005146e+05 +1.272106e+07 -2.415821e+11 -2.479923e+11 -9.594960e+12 -4.946833e+14 +4.990134e+18 +1.154994e+19   +7.516102e-07 -1.158205e-05 -2.757947e-03 +4.818232e-03 +4.652469e+00 -3.124941e+02 +2.283900e+03 -8.605334e+04 -2.919420e+06 +4.791378e+09 -2.955611e+11 -1.070724e+12 +5.921328e+14 -2.954622e+16 -2.180771e+17   
Q20-156   +5.997900e+00   +1.159556e-06 -6.268116e-02 -5.644429e-04 -1.754843e-02 +8.893845e-01 +2.102993e+03 -2.822981e+03 -2.834422e+05 +1.630172e+07 -2.421222e+11 +1.512520e+11 +7.026794e+12 -1.617115e+15 +4.937061e+18 +4.351838e+18   -3.701954e-07 -4.280825e-06 +2.991384e-03 +2.155656e-02 -1.689611e+00 -1.442355e+02 -9.064199e+03 -1.367262e+04 +2.269754e+07 +1.599154e+09 +5.161682e+10 -1.247793e+13 -2.627044e+13 +4.705589e+16 +3.014333e+18   
Q20-157   +5.997450e+00   +1.022200e-06 -6.273081e-02 -2.598063e-03 -6.542257e-02 -7.974858e-01 +2.075077e+03 +2.624856e+03 -3.021731e+04 +5.260344e+06 -2.423934e+11 -4.121557e+10 -6.621529e+12 -8.327292e+14 +4.819176e+18 -4.567273e+18   +1.563854e-06 +1.652399e-06 -2.101735e-03 +2.487842e-02 +2.787029e+00 -2.017587e+02 +6.068056e+03 +8.539631e+04 +1.511298e+07 +1.255794e+09 -1.249327e+11 -4.573342e+12 -1.077337e+15 -2.499319e+16 -9.541183e+17   
Q20-158   +5.996750e+00   +8.878886e-07 -6.267718e-02 -2.386978e-03 -6.500331e-02 -1.739431e+00 +2.118267e+03 +3.403745e+03 +1.874459e+05 +1.039487e+08 -2.432039e+11 -1.732200e+11 +4.576371e+13 +2.968176e+14 +5.094363e+18 -5.466771e+18   +9.520048e-07 +1.873386e-05 -9.784301e-04 -3.941402e-03 +4.585752e-01 -1.953923e+02 +9.849680e+03 -2.005967e+05 +1.797604e+07 +3.231679e+09 +6.138693e+10 -1.035455e+12 +5.834599e+14 +3.697004e+16 +2.363187e+18   
Q20-159   +5.997250e+00   +1.362726e-06 -6.295484e-02 +1.139814e-04 -6.029428e-02 +1.561156e+00 +2.115136e+03 -1.194099e+04 +1.383261e+06 +4.114082e+07 -2.438534e+11 -9.192397e+10 +2.213793e+13 +3.277165e+15 +4.999598e+18 -6.211890e+18   +8.416486e-07 +6.200649e-06 +2.776364e-05 +2.336166e-02 +7.360784e-01 -4.006053e+02 +4.116637e+03 +3.704109e+05 +4.038091e+07 +1.068484e+10 +2.347984e+11 +2.090938e+13 +7.255599e+14 -1.522274e+17 -1.007044e+19   
Q20-160   +5.997900e+00   +5.025316e-07 -6.280985e-02 -2.403493e-03 -2.544132e-02 -2.884098e+00 +2.124188e+03 +8.644954e+03 +5.506962e+03 -3.335654e+07 -2.446034e+11 -1.798851e+11 +3.217785e+11 -1.027914e+15 +4.966453e+18 -1.304202e+19   +1.532672e-06 -1.052363e-05 -2.908498e-03 -7.406494e-03 +3.531284e+00 -1.537071e+02 +3.736613e+03 +1.239423e+04 -9.082057e+06 +5.762800e+09 +1.829192e+10 +4.419190e+12 -3.285395e+15 -1.690785e+16 -1.055801e+19   
Q20-161   +5.997100e+00   +1.765407e-06 -6.307200e-02 +5.179588e-04 -6.146969e-02 -1.402350e+00 +2.050266e+03 -7.738652e+03 -3.815014e+05 +4.277091e+07 -2.380414e+11 -7.756229e+10 +6.211472e+13 +2.004549e+14 +5.065763e+18 -4.557705e+18   +6.777071e-07 +1.379396e-05 +4.386335e-04 +1.962467e-04 +4.261903e-01 -4.506213e+02 -3.100782e+03 -5.400867e+05 +1.925080e+07 +5.626800e+09 +4.023281e+10 -2.341317e+13 +6.049694e+14 -2.649050e+17 -3.747926e+18   
Q20-163   +5.997050e+00   +2.189513e-06 -6.280019e-02 +1.848701e-03 -4.266223e-02 +1.262559e+00 +2.140571e+03 -5.572013e+03 -2.045261e+05 +3.263866e+07 -2.406718e+11 -4.457643e+10 +5.491823e+12 -8.770816e+14 +4.883875e+18 +1.810277e+17   -4.681685e-08 -1.017592e-05 +1.378633e-03 +1.004678e-02 +7.403383e-01 -2.184129e+02 -3.032448e+03 -6.299187e+04 +9.767411e+06 +3.515715e+09 -4.284767e+10 -4.156562e+12 -3.141304e+14 +3.304925e+16 +1.205617e+18   
Q20-164   +5.997200e+00   +2.360953e-06 -6.304969e-02 +3.848521e-03 -5.811008e-02 +1.369018e+00 +2.131346e+03 -9.918447e+03 -1.234705e+05 +2.191299e+07 -2.412249e+11 +2.689092e+11 -1.745641e+13 +6.566714e+14 +5.143429e+18 -5.034621e+18   +1.253197e-06 +1.645437e-05 -1.202930e-03 +2.910377e-02 +2.391486e+00 -2.884213e+02 -3.116921e+03 +1.531301e+05 +7.770331e+07 +9.133494e+09 +7.902226e+10 +2.525707e+13 +1.497539e+15 -1.824982e+17 -1.061793e+19   
Q20-165   +5.997400e+00   +7.396979e-07 -6.309349e-02 -2.540969e-03 -4.043736e-04 -2.478017e+00 +2.162400e+03 +1.096553e+04 +2.129184e+05 -2.922425e+07 -2.397290e+11 +2.812419e+11 +2.493140e+13 -2.516729e+15 +4.959989e+18 -3.239492e+18   +7.417236e-07 +1.394377e-05 +1.077273e-04 +4.397902e-03 +5.606199e-01 -2.304965e+02 -6.978409e+03 +1.842789e+01 -3.593902e+07 +1.404462e+10 +3.003445e+11 +1.731420e+13 -3.326728e+15 -1.115996e+17 +9.481242e+18   
Q20-166   +5.997300e+00   +6.524703e-07 -6.268686e-02 -3.281567e-03 -7.860467e-02 -1.894311e+00 +1.936646e+03 +4.161059e+03 +4.001874e+04 +2.674322e+07 -2.347915e+11 +1.016226e+11 +1.324793e+13 -4.426785e+14 +4.568764e+18 -5.199968e+17   +1.059646e-06 +1.758441e-06 -2.537177e-03 +1.413481e-02 +2.910708e+00 -3.514632e+02 +2.605507e+03 +1.233475e+04 +3.667059e+07 +6.074318e+09 -1.981257e+10 +2.849084e+12 +1.107631e+15 -2.365393e+15 +1.777733e+18   
Q20-167   +5.997400e+00   +1.600536e-06 -6.260891e-02 +1.214017e-03 -2.047215e-02 +1.368583e+00 +2.138203e+03 -4.167436e+03 -6.692952e+05 +4.711090e+07 -2.410094e+11 +8.504242e+10 +1.010494e+13 +1.855197e+14 +5.010540e+18 +6.185084e+18   -1.481563e-07 -1.212765e-05 +1.427624e-03 +7.578814e-03 -4.412934e-01 +4.098634e+01 -9.085215e+03 -2.390594e+05 +5.314655e+07 -1.970189e+08 -3.586941e+10 -6.364580e+12 +1.511073e+15 -2.025803e+17 +3.994378e+18   
Q20-170   +5.994850e+00   +1.477677e-07 -6.297319e-02 -3.902038e-03 -1.099492e-02 -3.470724e+00 +2.087081e+03 +9.952509e+03 +2.115147e+05 +4.379688e+07 -2.410002e+11 -1.769691e+11 +1.164538e+13 -8.554479e+14 +4.750296e+18 +8.356996e+18   +1.366811e-07 +5.388008e-06 +1.846812e-03 +2.331578e-02 -6.472170e-01 -1.757125e+02 -1.001864e+04 -4.198609e+05 +1.689495e+07 +3.852322e+09 -1.255821e+11 -3.389704e+13 -1.504350e+14 -2.275638e+16 -8.226693e+18   
Q20-171   +5.997300e+00   +1.779833e-06 -6.261804e-02 -2.130425e-04 -8.626644e-02 -3.987836e-01 +1.993249e+03 -8.094324e+03 -9.458270e+05 +5.106915e+07 -2.390898e+11 +4.159150e+11 -5.056749e+13 +2.240318e+15 +4.867424e+18 -1.199672e+18   +4.484363e-07 -1.210717e-05 -1.050864e-04 +2.685298e-02 +1.257883e-01 -2.003365e+02 +6.905689e+03 -8.604402e+05 -4.124072e+07 +8.428383e+08 -1.106945e+11 -2.656974e+13 +3.744885e+14 +2.470257e+16 -1.047401e+19   
Q20-178   +5.997400e+00   +8.650782e-07 -6.285760e-02 -1.586018e-03 -2.614428e-02 -1.066528e+00 +2.194288e+03 +2.286067e+03 +4.673297e+05 +1.755124e+07 -2.410261e+11 +1.503643e+11 -6.482259e+12 -8.164920e+14 +4.683491e+18 +1.230114e+19   +2.749752e-07 +1.122217e-06 +2.998376e-04 +7.440494e-03 +9.757522e-01 -2.356541e+02 -5.745415e+03 -6.736026e+04 -1.434397e+07 +5.400415e+09 -2.661972e+11 +2.732728e+13 -1.216919e+15 -8.656213e+16 +8.055534e+18   
