# multipoles are divided by excitation current and units are [T], [m] and [A]
# harmonics (dipole n=0): 00 01 02 03 04 05 06 07 08 09 10 11 12 13 14 
# MAG_LABEL   CURRENT[A]   <NORMAL_MULTIPOLES/CURRENT>[T/m^(n-1)/A]   <SKEW_MULTIPOLES/CURRENT>[T/m^(n-1)/A]
Q20-005   +5.997150e+00   +3.416843e-07 -6.271649e-02 -2.420031e-04 -6.475936e-02 -9.579017e-01 +2.053239e+03 +7.166399e+01 +2.547348e+05 -2.385598e+06 -2.452978e+11 -2.135579e+11 -3.900343e+12 +1.347598e+15 +5.025686e+18 -1.569511e+18   +3.533845e-07 -1.737552e-05 -1.655253e-04 +9.254398e-03 +1.117311e-01 -9.136740e+01 -2.302239e+03 +2.382073e+04 +3.070640e+06 +3.153341e+08 -9.870237e+10 +4.013013e+12 +2.779745e+13 -6.854548e+16 -2.996458e+18   
Q20-007   +5.998850e+00   +4.385110e-08 -6.313955e-02 -5.577414e-03 -8.934487e-02 -3.721948e+00 +2.435238e+03 +1.711663e+04 +2.965477e+05 +4.575229e+07 -2.303733e+11 +3.041566e+11 -1.530416e+13 +2.888822e+15 +6.022596e+18 -2.490614e+19   -2.524090e-07 -6.079815e-06 +2.750162e-03 +2.250208e-02 -2.202087e+00 -3.576544e+02 -2.213578e+04 -4.560939e+05 -1.097108e+08 -2.916082e+09 -3.418819e+11 -5.297375e+13 +1.845190e+15 -2.266229e+17 +9.942352e+17   
Q20-009   +5.997350e+00   +1.123068e-06 -6.261884e-02 -5.742001e-04 -1.161273e-01 -9.301186e-01 +2.233673e+03 -3.534321e+03 -4.718114e+04 -6.144997e+06 -2.458224e+11 -1.798097e+11 -7.610059e+12 -2.288301e+15 +4.974350e+18 -2.723393e+18   +2.272312e-06 -1.055543e-05 -5.736945e-03 +8.971844e-03 +4.232348e+00 -1.623804e+02 +7.807493e+03 -1.811482e+05 -1.933731e+07 +4.217898e+09 +3.407197e+10 -3.122556e+12 +2.808337e+14 -9.554261e+16 +7.001759e+18   
Q20-010   +5.996700e+00   +4.543182e-07 -6.256266e-02 -3.417561e-03 -1.018623e-01 -2.601119e+00 +2.204287e+03 +5.417431e+03 +1.990220e+05 +3.657815e+07 -2.461235e+11 +3.254919e+10 +1.187146e+13 +7.614760e+14 +4.962124e+18 +4.176349e+17   +7.546170e-07 -7.534441e-06 -1.946577e-03 +2.767540e-02 +2.909665e+00 -1.857835e+02 -3.326455e+03 +7.598658e+04 -7.649045e+06 +4.530038e+09 +1.573163e+10 +5.318972e+12 +3.441089e+14 -1.501638e+17 +6.122027e+18   
Q20-011   +5.996800e+00   +4.539501e-07 -6.259555e-02 -2.111570e-03 -7.535426e-02 -1.607434e+00 +2.312186e+03 -2.535284e+03 +5.153885e+05 -5.946076e+06 -2.432050e+11 +1.184804e+09 +5.103193e+12 +7.287242e+14 +5.011593e+18 -3.307444e+18   +3.313375e-07 -1.330380e-06 +7.821582e-04 -1.101375e-02 +1.116409e-01 -1.319171e+02 -5.739453e+03 +7.294242e+05 +3.217724e+07 +4.986830e+09 +1.217395e+11 +2.761795e+13 +1.726329e+15 -1.351834e+17 -9.345894e+18   
Q20-012   +5.997050e+00   +1.851587e-06 -6.260330e-02 +1.694320e-03 -1.190545e-01 -4.840858e-02 +2.331545e+03 -1.311245e+04 +3.709509e+05 +1.955822e+07 -2.472821e+11 +1.820380e+11 -6.759123e+12 +3.415639e+14 +4.931650e+18 +2.851579e+18   +1.339344e-06 -2.331141e-05 -3.260196e-03 -5.064647e-04 +3.943826e+00 -2.750341e+02 +6.484148e+03 +1.075069e+05 +7.631879e+06 +3.209231e+09 +1.055715e+11 +6.055019e+12 -9.154366e+14 -1.794867e+17 -5.323736e+18   
Q20-013   +5.997000e+00   +1.875523e-06 -6.258484e-02 +1.829710e-03 -5.323915e-02 +1.291051e+00 +2.442690e+03 -2.393253e+03 +2.713090e+03 +6.149725e+07 -2.466326e+11 +5.177239e+11 -9.436306e+12 -4.012231e+14 +4.866383e+18 -1.021639e+19   +3.664671e-07 -1.765451e-05 +8.744916e-04 +4.538889e-02 -6.846296e-01 -2.783458e+02 -6.373767e+03 -8.456673e+05 -1.114839e+08 +1.246640e+09 -2.513147e+10 +4.711542e+12 -2.946133e+15 -3.057867e+17 +2.871864e+18   
Q20-014   +5.996950e+00   +4.144757e-07 -6.268015e-02 -1.772261e-03 -8.335174e-02 -1.116283e+00 +2.181732e+03 +3.973792e+03 -1.279975e+05 -2.977485e+07 -2.464821e+11 -4.133545e+11 -2.852693e+13 -1.208026e+15 +5.025208e+18 -8.506472e+18   +2.593897e-07 -2.777894e-05 +2.347448e-04 +5.989761e-02 -1.554966e-01 -1.507692e+02 -1.710716e+03 -8.234781e+05 -5.050549e+06 +3.239448e+09 -2.640851e+11 -3.698642e+13 -1.315775e+15 +8.103147e+16 -3.777950e+18   
Q20-015   +5.997000e+00   +9.359290e-07 -6.263565e-02 -2.497632e-03 -1.016618e-01 -1.072647e+00 +2.210949e+03 +6.075745e+03 +1.632350e+05 +3.310564e+07 -2.471464e+11 -1.112561e+11 +1.949698e+13 +1.085774e+15 +4.938539e+18 +7.697842e+18   +1.502764e-07 -4.463373e-06 +2.668356e-04 +1.371577e-02 +4.563835e-01 -2.488364e+02 -1.203718e+04 +5.200440e+05 +1.697902e+07 +4.293055e+09 -3.079061e+11 +4.658039e+13 -1.751289e+15 +4.672858e+16 -1.681793e+19   
Q20-016   +5.997600e+00   +9.867510e-08 -6.259994e-02 -4.162810e-03 -5.985836e-02 -1.688290e+00 +2.237323e+03 +1.170909e+04 -5.491453e+04 +2.489249e+07 -2.419333e+11 -3.865178e+11 +1.177707e+13 +4.119798e+14 +4.905434e+18 +1.124267e+18   +3.165796e-07 -1.841927e-05 +7.652291e-04 +7.229563e-03 +5.979940e-02 -3.200287e+02 -2.337200e+03 +3.091568e+05 +6.683382e+06 +7.456814e+09 +1.339797e+11 -1.323560e+13 -7.583558e+14 -1.263316e+17 -1.021429e+19   
Q20-021   +5.997150e+00   +2.214262e-06 -6.270565e-02 +1.754560e-03 -6.711915e-02 +4.668162e-01 +2.186247e+03 -6.736280e+03 -3.280043e+05 +4.800292e+07 -2.432689e+11 -3.275227e+10 -1.213514e+13 -1.058942e+15 +5.109836e+18 -7.468773e+18   +6.722321e-07 -4.196920e-07 -3.669870e-04 +2.979439e-02 +1.833624e+00 -1.845020e+02 -2.837461e+03 -4.568207e+05 +1.974193e+07 +6.934906e+09 +2.391374e+10 +1.570690e+13 -2.087041e+15 -1.723075e+17 +1.694692e+17   
Q20-022   +5.997100e+00   +2.379113e-06 -6.267096e-02 +4.232916e-03 -8.858727e-02 +1.652133e+00 +2.244208e+03 -1.370721e+04 -5.519526e+05 +9.836448e+06 -2.419334e+11 -1.079207e+11 -2.219666e+13 -1.577178e+15 +4.846222e+18 -4.781701e+18   -3.257509e-07 -1.067240e-05 +2.527875e-03 +5.492768e-03 -8.093802e-01 -2.308796e+02 -5.084234e+03 +1.999847e+05 +4.625921e+06 +6.811297e+09 +2.491593e+11 +1.704992e+12 -5.823433e+14 +1.076762e+16 +1.275423e+19   
Q20-023   +5.997150e+00   +4.893851e-07 -6.259448e-02 -3.247037e-03 -4.906160e-02 -1.227920e+00 +2.405056e+03 +2.193625e+03 +1.260868e+05 +1.654808e+07 -2.441026e+11 +9.853219e+10 +2.374441e+13 +4.622606e+14 +5.044239e+18 -3.784169e+18   +8.050331e-07 -1.188462e-05 -6.013535e-04 +1.684859e-02 +2.100601e+00 -2.697845e+02 -5.371878e+03 -9.021464e+04 -4.353826e+07 +7.301296e+09 -2.199413e+11 -9.464599e+12 -1.473817e+15 -9.338089e+16 -2.017403e+19   
Q20-026   +5.997500e+00   +1.658584e-06 -6.261991e-02 +3.015596e-04 -3.294128e-02 +1.408732e-01 +2.154264e+03 -7.164632e+03 +2.135898e+05 +2.810463e+07 -2.473692e+11 -2.408564e+10 +1.015294e+13 -1.001314e+15 +4.924940e+18 +1.120570e+19   +1.154337e-06 -1.590757e-05 -1.429719e-03 -8.675807e-03 -9.389004e-01 -1.121690e+02 +5.241877e+03 +2.111416e+05 +4.609517e+07 +2.213271e+09 +1.036593e+11 +1.797689e+13 -1.108989e+15 -2.452158e+16 -1.625555e+18   
Q20-027   +5.997850e+00   +2.352880e-06 -6.263459e-02 +2.524691e-03 -6.873108e-02 +7.167658e-01 +2.199185e+03 -1.570659e+04 -2.180431e+05 +3.489882e+07 -2.442110e+11 -2.324731e+11 -8.504607e+12 -1.466824e+15 +4.998680e+18 -7.110756e+18   +1.166440e-06 -2.166420e-05 -2.291571e-03 -3.629122e-03 +2.374174e+00 -1.534570e+02 +1.631677e+03 -1.137710e+04 +1.433823e+07 +4.557151e+09 +1.109154e+11 +3.384740e+12 +5.479505e+14 -1.191571e+17 +7.516862e+18   
Q20-028   +5.996350e+00   +5.158148e-07 -6.276863e-02 -2.422395e-03 -4.175155e-02 -2.357499e+00 +2.545780e+03 -1.540259e+04 +1.972912e+06 -1.570369e+08 -2.364565e+11 +7.991156e+11 +2.229123e+13 -9.582624e+15 +4.243365e+18 +2.468697e+19   +1.108112e-06 -2.241102e-05 -2.003039e-03 +1.719448e-02 +6.113574e-01 -2.252123e+02 -2.380938e+04 +1.511053e+05 -1.620795e+08 +1.509846e+10 -1.341327e+12 -5.758777e+13 -1.181593e+16 +9.527601e+15 +2.066631e+19   
Q20-033   +5.996950e+00   +2.134076e-06 -6.270686e-02 +1.889631e-03 -8.132301e-02 +6.212850e-01 +2.219495e+03 -3.891843e+03 -1.565494e+04 +3.093061e+07 -2.435100e+11 +1.578938e+11 +1.752686e+13 -1.035624e+15 +5.098287e+18 -3.459892e+18   +9.892787e-07 -1.531150e-05 -1.906584e-03 +9.179294e-03 +1.985363e+00 -1.039393e+02 +1.874633e+03 -7.585723e+04 +2.251046e+07 +1.829595e+09 +1.336707e+11 +3.220947e+13 -1.022028e+15 -1.948494e+17 +1.022867e+19   
Q20-034   +5.997050e+00   +2.857857e-08 -6.269513e-02 -4.112385e-03 -9.751403e-02 -2.754636e+00 +2.228532e+03 +4.594537e+03 +1.364305e+05 -3.925720e+06 -2.427600e+11 -2.096844e+11 +1.461043e+13 -6.531628e+14 +4.926916e+18 +2.240660e+18   -1.865102e-06 -2.344846e-05 +6.498430e-03 +1.659804e-02 -2.050805e+00 -1.538182e+02 -1.820860e+04 +5.515340e+04 -3.575958e+07 -5.379792e+08 +1.594001e+10 +2.735730e+13 -1.265420e+15 +7.428244e+14 -3.145940e+18   
Q20-035   +5.997200e+00   +2.682318e-06 -6.278370e-02 +2.982408e-03 -2.952870e-02 +1.031599e+00 +2.257710e+03 -6.505071e+03 +1.124462e+05 +3.820895e+06 -2.448603e+11 -1.283592e+11 -1.092225e+10 -1.572882e+15 +5.063720e+18 +7.614137e+18   +2.014325e-06 -1.865089e-05 -5.159890e-03 +3.609093e-02 +2.991308e+00 -8.593762e+01 +1.309115e+04 -9.350495e+04 +4.060053e+07 +5.278610e+09 -4.856160e+10 -4.060038e+12 +1.362438e+15 -1.210923e+17 +6.644147e+18   
Q20-036   +5.997250e+00   +1.605189e-06 -6.266094e-02 +4.374495e-04 -5.752361e-02 -2.413831e-01 +2.216376e+03 -4.273409e+03 -7.277359e+04 -2.782080e+06 -2.446350e+11 +1.905086e+10 -1.943437e+13 -5.424293e+14 +4.992575e+18 -3.170521e+18   +8.310451e-07 -2.735127e-05 -3.248514e-04 +3.484394e-02 +1.191658e+00 -1.340131e+02 -4.358623e+03 -2.676085e+05 +2.058857e+07 +5.338123e+09 -2.632608e+10 +1.398209e+13 -1.386616e+14 -7.429882e+16 +3.712652e+18   
Q20-038   +5.997000e+00   +1.554821e-06 -6.255454e-02 -6.110440e-04 -1.241826e-01 -9.548019e-01 +2.310392e+03 -1.906588e+03 -7.709478e+03 +1.906413e+07 -2.401067e+11 +2.599787e+11 -1.713530e+13 -3.810062e+15 +5.052623e+18 -9.933657e+17   +2.083533e-06 -2.495203e-05 -4.946857e-03 +2.597759e-02 +2.436236e+00 -5.259590e+01 +1.315099e+04 -4.993710e+04 -1.296895e+07 +3.105129e+09 -2.020275e+11 +2.716248e+13 -1.754372e+15 +1.916065e+15 +3.635334e+18   
Q20-039   +5.997000e+00   +1.636013e-06 -6.267645e-02 -1.114193e-03 -4.647969e-02 +1.320543e-01 +2.205036e+03 -4.276367e+03 -7.383002e+05 +4.813435e+07 -2.443175e+11 -2.223100e+11 -1.701939e+13 -6.058261e+14 +5.049917e+18 -4.333475e+18   +5.653560e-07 -9.476125e-06 -5.948267e-04 +3.354611e-02 +8.900554e-01 -1.796717e+02 +4.317736e+02 +1.589966e+02 +2.992488e+07 -1.103329e+09 -1.466028e+10 +2.012755e+12 -2.764432e+14 -5.515139e+16 -1.169455e+19   
Q20-041   +5.997700e+00   +1.300041e-06 -6.268456e-02 -1.679037e-03 -6.021562e-02 -1.677521e+00 +2.189226e+03 +3.088049e+03 +1.094963e+06 +3.362371e+07 -2.463819e+11 +3.151760e+11 +1.043120e+13 -1.825046e+15 +4.691035e+18 +1.505880e+19   +5.358703e-07 -1.101836e-06 +9.120798e-05 +2.347333e-02 +1.831557e+00 -2.594540e+02 -1.397141e+03 -3.756777e+04 +5.683934e+07 +4.871576e+09 +1.839263e+11 -1.524439e+13 -1.027546e+15 -2.030288e+17 -6.905904e+18   
Q20-044   +5.996950e+00   +2.018715e-06 -6.271500e-02 +3.685794e-04 -8.602820e-02 -1.018999e+00 +2.204247e+03 -1.647262e+03 -4.931370e+05 +7.567859e+07 -2.451808e+11 +1.722537e+11 -1.141919e+12 -1.694768e+14 +4.894605e+18 +1.035818e+19   -2.644348e-07 -1.844988e-05 +2.093419e-03 +6.562529e-03 +1.043982e-02 -2.057196e+02 -1.889397e+03 +1.518853e+04 -1.369763e+06 +6.313815e+09 +4.909119e+11 -4.087166e+12 +3.377615e+14 -9.418561e+16 +5.507288e+18   
Q20-045   +5.997050e+00   +1.468010e-06 -6.277930e-02 -1.520820e-03 -3.403799e-02 -2.252446e+00 +2.225471e+03 +5.338468e+03 +2.710975e+05 +3.984005e+07 -2.430985e+11 +4.886671e+10 +1.652345e+13 -1.054814e+14 +4.911632e+18 +3.773530e+18   +3.402406e-07 -4.494496e-06 +3.518337e-04 +4.968054e-02 +6.189840e-02 -1.251540e+02 -5.400614e+03 -4.805371e+05 -1.235777e+07 +7.314675e+09 -3.687553e+08 -1.162854e+13 -7.728246e+14 -2.231234e+17 -8.312464e+18   
Q20-048   +5.997050e+00   +2.904748e-07 -6.295807e-02 -3.011381e-03 -1.801916e-02 -6.831574e-01 +2.184582e+03 +8.495934e+03 -2.625371e+05 +2.763450e+07 -2.429006e+11 -2.100201e+10 +1.057925e+13 +3.702587e+14 +4.877386e+18 +3.752954e+18   +1.393072e-06 -5.123049e-06 -2.353602e-03 -2.634685e-03 +5.068944e-01 -1.132876e+02 +3.336365e+03 -1.012102e+04 +2.929837e+07 -2.121335e+09 -7.851339e+10 +1.705090e+12 -1.396101e+15 +1.467981e+17 +6.113194e+18   
Q20-049   +5.997050e+00   +6.917933e-07 -6.283428e-02 -2.931625e-03 -8.209331e-02 -4.024822e-01 +2.238656e+03 +6.729327e+03 -6.529584e+05 +2.486171e+07 -2.441124e+11 -3.639753e+11 -4.406183e+13 +1.296522e+15 +4.841781e+18 -3.270641e+19   +1.885395e-07 -1.436883e-05 +8.039308e-04 +4.117913e-03 +1.042287e+00 -1.772588e+02 -3.800010e+03 -3.566530e+05 +4.530117e+07 +2.790329e+09 +2.533686e+11 -4.113216e+13 -5.099951e+14 +3.982693e+16 +2.386630e+19   
Q20-051   +5.997100e+00   +1.694441e-06 -6.286002e-02 +5.642524e-04 -4.410937e-02 +9.224175e-01 +2.297602e+03 -6.364488e+03 +8.244268e+04 +3.284553e+07 -2.439206e+11 +2.219918e+11 -8.144953e+12 -1.601540e+15 +4.887742e+18 -1.096641e+18   +7.249521e-07 -1.621590e-05 -2.828592e-05 +7.180117e-03 +4.883674e-01 -1.239550e+02 -6.099885e+03 +4.012384e+05 +8.876292e+06 +5.875516e+09 -4.889778e+10 -2.597897e+12 +5.521952e+14 +1.356336e+16 -3.659542e+18   
Q20-053   +5.997550e+00   +2.376137e-06 -6.279314e-02 +1.552121e-03 -1.030652e-01 +1.829429e+00 +2.204188e+03 -9.168834e+03 -9.440825e+04 +1.732446e+07 -2.427063e+11 -1.104364e+11 -1.989889e+13 -1.467750e+15 +4.896671e+18 +9.501510e+17   +3.369714e-07 -2.170468e-05 -9.298138e-04 +1.046912e-02 +3.541338e+00 -1.190452e+02 +1.898382e+03 +1.950815e+05 -2.639306e+06 +4.065305e+09 -2.160194e+10 -3.606651e+11 +7.930693e+13 -4.916454e+16 +6.523751e+18   
Q20-055   +5.997350e+00   +1.544403e-06 -6.278816e-02 -6.062781e-05 -1.865174e-02 +4.612904e-01 +2.211342e+03 -2.554993e+03 -2.615362e+05 +3.836895e+07 -2.434400e+11 -2.268875e+10 +2.664552e+12 -1.036334e+15 +4.972346e+18 +2.566650e+18   +1.408724e-08 -1.185756e-05 +1.799018e-03 +2.120355e-03 -3.431080e-01 -1.724620e+02 -6.485476e+03 -7.831887e+04 +1.120603e+07 +4.451548e+09 +2.179966e+11 +2.685454e+12 -8.004080e+13 +2.025176e+16 -3.127750e+18   
Q20-057   +5.997250e+00   +5.732267e-07 -6.286438e-02 -3.833170e-03 -5.829977e-02 -3.027396e+00 +2.240228e+03 +7.060629e+03 +1.176350e+05 +3.262810e+07 -2.430451e+11 -2.213321e+11 +1.711681e+13 -7.654607e+14 +4.966286e+18 +5.835124e+17   +1.743986e-06 -1.108810e-05 -3.244225e-03 +4.262549e-03 +3.745257e+00 -8.443412e+01 +5.484891e+03 +4.969828e+04 +4.262794e+06 -4.161122e+06 -4.769022e+10 -6.964637e+12 -2.947002e+14 +1.734070e+16 +5.920559e+17   
Q20-061   +5.996750e+00   +1.986835e-06 -6.303701e-02 +2.522405e-03 -4.399448e-02 +1.866533e+00 +2.259782e+03 -9.835211e+03 -1.060291e+05 +2.500533e+07 -2.443674e+11 +1.834864e+11 +1.596762e+13 -6.863093e+14 +5.012552e+18 -4.285209e+18   +1.146433e-06 +2.061153e-05 -2.502651e-03 +2.703840e-03 +1.786619e+00 -3.233853e+02 +5.281424e+03 -1.285492e+04 +3.100925e+06 +8.681738e+09 -1.758608e+11 -2.564871e+13 -6.113913e+14 -2.571158e+17 -1.132109e+18   
Q20-063   +5.997200e+00   +1.629318e-06 -6.317637e-02 +2.490542e-03 -7.281920e-02 +2.951612e+00 +2.319142e+03 -6.590892e+03 -1.031533e+05 -2.230463e+07 -2.421013e+11 +1.987044e+11 +9.262566e+12 +3.168295e+14 +4.964677e+18 -8.381895e+18   +1.430359e-06 -1.441169e-05 -2.832917e-03 -1.890741e-02 +2.872085e+00 -1.797551e+02 +2.829262e+03 +2.797392e+05 +4.126782e+07 +1.570895e+09 +4.387624e+10 -5.308581e+12 -1.316400e+15 +1.440343e+17 +2.338176e+18   
Q20-065   +5.997050e+00   +1.213142e-06 -6.291632e-02 -1.693097e-03 -4.940904e-02 -2.352717e+00 +2.209240e+03 -1.590239e+03 -1.355924e+05 -3.608109e+06 -2.429391e+11 -1.697156e+11 -6.749889e+12 -6.492464e+14 +4.794431e+18 +7.994627e+18   +1.465755e-06 -1.952297e-05 -2.959052e-03 +2.565358e-02 +2.747342e+00 -1.545369e+02 +4.175545e+03 +3.332752e+04 +5.421836e+07 +2.114656e+09 +1.407082e+11 +5.376652e+12 -3.515792e+14 +2.767699e+16 +8.150767e+18   
Q20-066   +5.995700e+00   +8.093879e-07 -6.276295e-02 -3.153974e-03 +2.233150e-02 -1.085912e+00 +2.208938e+03 +1.026259e+04 -1.152932e+05 +2.069248e+07 -2.435445e+11 +6.859072e+10 -1.375959e+13 -9.316062e+14 +4.870751e+18 +8.663881e+18   +1.370538e-06 -9.855862e-06 -2.634893e-03 +2.313590e-02 +1.231400e+00 -1.848703e+02 +4.671521e+02 +2.845307e+05 -2.534258e+07 +3.914260e+09 -6.309512e+10 +2.997550e+12 -4.442449e+14 +6.212502e+15 -2.297226e+18   
Q20-068   +5.997500e+00   +6.839983e-07 -6.340747e-02 -3.706159e-03 -2.672759e-02 -4.915923e-01 +2.429341e+03 +1.314050e+04 +1.412980e+06 +1.054507e+08 -2.446699e+11 +2.028444e+11 +3.317572e+13 +1.711898e+15 +4.995328e+18 -1.504948e+19   -9.947061e-08 -1.499508e-05 +1.899967e-03 +8.902938e-03 -1.837606e+00 -3.285477e+02 +9.440002e+02 -3.429712e+05 -6.729266e+07 +4.622323e+09 +1.478274e+10 -2.891076e+13 -9.232732e+14 -1.532624e+17 -1.901602e+19   
Q20-069   +5.996650e+00   -1.845035e-08 -6.295255e-02 -2.531050e-03 -1.141167e-01 -9.243184e-01 +2.208433e+03 +2.180956e+03 +1.258200e+06 +1.057013e+07 -2.412977e+11 -3.657836e+11 -4.655988e+12 +2.682756e+15 +5.035036e+18 -1.369028e+18   +7.867883e-07 +2.926732e-05 -1.213986e-03 +3.193590e-02 +1.608161e+00 -1.965421e+02 +5.922313e+03 +5.392234e+05 +1.020961e+08 +7.394055e+09 +6.723105e+10 -2.843126e+13 +1.004208e+14 +1.822424e+17 -4.276064e+18   
Q20-071   +5.996800e+00   +7.874213e-07 -6.301312e-02 -2.439027e-03 -8.096526e-02 -9.774985e-01 +2.293845e+03 +8.443296e+03 -1.198534e+05 +4.070696e+07 -2.469524e+11 +3.551286e+10 -1.149865e+13 -1.122268e+15 +4.912375e+18 +7.876369e+17   +7.646677e-07 +9.934560e-06 +7.952867e-04 +7.507341e-03 -8.934473e-01 -1.844540e+02 -8.497742e+03 -1.705148e+05 +3.943538e+07 +5.110998e+09 -1.612964e+11 -8.682274e+12 -2.560227e+15 +5.996652e+15 -2.018201e+18   
Q20-073   +5.996700e+00   +1.871639e-06 -6.294851e-02 -6.247348e-05 -9.033765e-02 -1.831381e-01 +2.314766e+03 -8.233533e+03 +6.950473e+04 -3.638181e+07 -2.476235e+11 -1.551297e+11 -1.668668e+13 -3.350710e+15 +5.022115e+18 +9.809835e+18   +1.060803e-06 +3.250436e-05 -1.405514e-03 +2.326174e-02 +9.432830e-02 -2.692006e+02 +1.012503e+04 -4.820928e+05 +9.867741e+07 +7.099656e+09 +3.189664e+11 +1.330609e+13 -1.430066e+14 +1.521608e+17 -9.485073e+18   
Q20-074   +5.997000e+00   +1.347828e-06 -6.299535e-02 -1.347962e-03 -6.340268e-02 -1.517052e-01 +2.233018e+03 +6.256858e+02 +5.401924e+05 +1.447438e+07 -2.454175e+11 +1.106944e+11 +7.143874e+12 -1.215589e+15 +4.924596e+18 -5.845044e+18   +1.222685e-06 +5.618327e-06 -1.177389e-03 +1.417585e-02 +1.010695e+00 -2.534821e+02 +1.116588e+04 -1.085421e+05 -1.484320e+07 +5.735098e+08 -2.634102e+11 -4.623862e+10 -1.681142e+15 -1.057705e+17 -6.325881e+18   
Q20-076   +5.996900e+00   +1.490585e-06 -6.297730e-02 -1.208779e-03 -4.150790e-02 -4.297562e-01 +2.217727e+03 +1.662860e+03 +6.029644e+04 +9.002395e+07 -2.437052e+11 -4.577292e+11 +1.099513e+13 -2.562524e+15 +5.470948e+18 +2.048223e+18   +6.702226e-08 +2.098669e-05 -9.494062e-05 +3.937514e-02 +1.112133e+00 -2.691993e+02 -9.370948e+03 -8.008321e+04 +2.900028e+07 +7.301024e+09 +1.862476e+10 -2.744498e+13 +2.123127e+15 -1.893972e+17 +1.157237e+19   
Q20-077   +5.997000e+00   +9.135696e-07 -6.288084e-02 -6.787220e-04 -5.281956e-02 -2.398978e+00 +2.210639e+03 -2.983337e+03 -5.356088e+04 +1.700849e+07 -2.434759e+11 +3.769530e+10 +3.470739e+12 -1.009854e+14 +5.040095e+18 -3.011981e+18   +8.200894e-07 -9.945436e-06 -1.248787e-03 +3.366060e-02 +1.767837e+00 -1.853403e+02 +4.180168e+02 -9.704129e+04 +9.313465e+06 +1.770965e+09 -1.232485e+08 +5.673927e+12 +5.825103e+14 -9.846840e+16 +2.586455e+18   
Q20-078   +5.996950e+00   +2.280132e-06 -6.301335e-02 +2.264173e-03 -6.782459e-02 +1.647811e+00 +2.248064e+03 -5.139609e+03 -2.655798e+05 +2.132271e+07 -2.395718e+11 +2.124220e+10 +2.455386e+13 -1.069563e+15 +4.875172e+18 +1.029689e+19   +1.393275e-06 -9.335062e-06 -2.385079e-03 +3.621991e-02 +1.747947e+00 -2.636762e+02 +1.422580e+04 -4.452320e+05 +2.866305e+07 +9.625451e+09 +2.313898e+11 -6.618788e+12 +2.505347e+15 -1.559914e+17 -6.236675e+18   
Q20-080   +5.997000e+00   +1.897165e-06 -6.285364e-02 +1.388130e-03 -7.148584e-02 +1.726458e-01 +2.241021e+03 -5.418676e+03 -1.377732e+05 +3.881091e+07 -2.433317e+11 -2.011049e+11 -1.911853e+11 -6.581427e+14 +4.908031e+18 -8.996495e+18   +9.541466e-07 +1.198669e-05 -2.655960e-03 +1.720175e-03 +2.302925e+00 -2.096393e+02 -9.201237e+02 -1.161810e+05 +3.238508e+06 +4.355084e+09 -1.354318e+11 +1.275853e+11 +7.460370e+14 +5.876013e+15 -1.156921e+19   
Q20-081   +5.996950e+00   +1.755482e-06 -6.282397e-02 +8.585973e-04 -5.614749e-02 -7.961007e-01 +2.201159e+03 +4.901362e+02 -3.128022e+04 +3.693356e+07 -2.432120e+11 -6.302372e+10 -1.278670e+13 -1.890471e+15 +5.059035e+18 +1.385768e+19   +1.354104e-06 +6.285553e-06 -3.600520e-03 +2.178219e-02 +3.446917e+00 -2.884448e+02 +5.078276e+02 +2.295285e+04 +1.319847e+06 +1.186037e+10 -1.395260e+11 +9.369590e+12 +8.130823e+14 -2.755489e+17 -7.149264e+18   
Q20-082   +5.996950e+00   +8.884360e-07 -6.294058e-02 -3.718455e-04 -4.682767e-02 +3.368279e-01 +2.106669e+03 -2.342527e+03 +7.950638e+05 -5.589113e+07 -2.468592e+11 -1.348494e+11 -8.614941e+12 -5.523710e+14 +5.170000e+18 -3.613870e+18   +4.562476e-07 +4.665050e-06 -1.414911e-03 +1.494718e-02 +1.639676e+00 -3.239945e+02 +3.700791e+03 -4.951814e+05 -2.829927e+06 +1.399881e+09 -2.006962e+11 -3.008776e+13 +4.384429e+13 -2.249417e+17 +3.645715e+18   
Q20-083   +5.995250e+00   +1.487373e-06 -6.301193e-02 +1.702393e-03 -3.320152e-02 +1.098493e+00 +2.173374e+03 -4.012315e+03 +6.035568e+05 +3.595585e+07 -2.436335e+11 -1.956722e+11 +3.044752e+13 -3.700378e+14 +5.098543e+18 -2.873977e+19   +1.007491e-06 -1.798692e-05 -1.988753e-03 +2.719895e-02 +2.339425e+00 -1.719800e+02 +5.195546e+03 +4.062756e+05 +4.116020e+07 +5.960474e+09 +3.002263e+11 +8.068953e+12 +1.168512e+15 +2.191178e+17 +2.312476e+19   
Q20-086   +5.997300e+00   +1.029838e-06 -6.311524e-02 -1.238006e-03 -6.327221e-02 -6.158713e-01 +2.214992e+03 +5.949711e+03 +1.033545e+05 +3.510985e+07 -2.459325e+11 +1.766585e+11 -2.312205e+11 -1.344566e+15 +5.135639e+18 -5.380470e+18   -1.427963e-07 -5.731609e-06 +1.429264e-03 +1.647295e-02 -1.140558e+00 -1.268861e+02 -5.499962e+03 +9.334220e+04 +3.569718e+06 +1.853829e+09 -3.498396e+09 +6.848570e+11 +2.348865e+15 -1.338660e+17 -6.237065e+18   
Q20-087   +5.997050e+00   +8.964464e-07 -6.268620e-02 -2.388159e-03 -7.038527e-02 -1.651256e+00 +2.137939e+03 -6.789311e+02 -1.278635e+05 +6.142582e+06 -2.400557e+11 +5.783989e+10 +1.485304e+13 -3.582405e+15 +4.518865e+18 -1.846565e+19   +9.313521e-07 -1.835172e-05 -2.286894e-03 +1.471208e-02 +3.203340e+00 -1.786568e+02 -3.346129e+03 +4.746469e+05 -1.470160e+07 -1.492162e+09 +7.905118e+10 -4.987529e+13 -2.866121e+14 +1.359302e+16 +1.002250e+19   
Q20-088   +5.997100e+00   +2.168538e-06 -6.283330e-02 +1.094354e-03 -2.621951e-02 -3.784461e-02 +2.230398e+03 -4.194332e+03 +3.051275e+05 +3.889635e+07 -2.425387e+11 -2.732406e+10 -2.476749e+12 +7.102805e+12 +4.871238e+18 +4.009806e+18   +1.747982e-06 -2.193002e-05 -5.009416e-03 +4.314981e-02 +5.076615e+00 -2.432049e+02 +9.424709e+03 -2.272728e+05 -1.965850e+07 +4.476030e+09 -3.601257e+11 -7.100007e+12 +3.007825e+14 -6.503432e+16 -4.510937e+18   
Q20-090   +5.995550e+00   +8.497282e-07 -6.290651e-02 -2.330934e-03 +2.855586e-02 -1.738790e+00 +2.206685e+03 +1.626863e+03 -4.281979e+05 +2.847122e+07 -2.429767e+11 -7.482293e+10 +7.111941e+12 -1.570700e+15 +4.939599e+18 -1.609869e+18   -2.698323e-08 -8.948076e-06 +7.594049e-04 +1.874332e-02 +5.197645e-01 -1.769606e+02 -1.064157e+04 -4.546881e+04 -4.185811e+06 +2.320690e+09 +2.445305e+11 -4.595050e+12 -2.681260e+15 -6.166810e+16 -8.641281e+16   
Q20-091   +5.995400e+00   +5.081327e-07 -6.303157e-02 -3.614334e-04 -3.664459e-02 +3.556577e-01 +2.184468e+03 -1.949475e+03 -3.492171e+04 +6.214389e+06 -2.404262e+11 -3.646711e+10 -3.826212e+12 +1.153372e+15 +4.889647e+18 +3.306325e+18   +1.030447e-06 -8.943565e-07 -2.969692e-03 -5.683172e-03 +1.441267e+00 -2.129174e+02 +1.078402e+04 +4.196462e+04 -3.522312e+07 +2.286912e+09 +1.460174e+11 -4.362109e+12 +1.139880e+15 +8.204557e+16 +1.560917e+18   
Q20-092   +5.997150e+00   +1.767168e-06 -6.284372e-02 +1.637182e-03 -6.977834e-02 +4.157963e-01 +2.218832e+03 -4.988171e+03 -1.211326e+05 +3.684112e+07 -2.429067e+11 +4.251746e+10 -1.189354e+12 -1.770361e+15 +4.953653e+18 -1.231543e+18   +1.019519e-06 -1.692504e-05 -2.218756e-03 +6.344454e-03 +2.452862e+00 -1.175226e+02 +3.276171e+03 +4.727881e+04 +1.609606e+07 +1.240603e+09 -8.674484e+10 -4.565030e+12 -2.555814e+14 +1.315241e+17 -3.249103e+18   
Q20-094   +5.995450e+00   +2.981619e-06 -6.283782e-02 +3.872760e-03 -3.974974e-02 +2.726062e+00 +2.341784e+03 -1.629153e+04 -2.553677e+04 +1.367272e+07 -2.361167e+11 +4.251486e+10 +3.708135e+12 -1.229492e+14 +5.012758e+18 +5.688859e+18   +5.538542e-07 -1.049417e-05 -3.367269e-04 +1.287142e-02 +2.363649e+00 -1.774794e+02 -4.284768e+03 -1.131021e+05 +3.793537e+07 +3.324104e+09 +7.380530e+10 -6.928055e+12 -7.975835e+14 -3.260774e+17 +6.892488e+18   
Q20-098   +5.997450e+00   +6.543844e-07 -6.271941e-02 -2.508760e-03 -3.855647e-02 -1.243582e+00 +2.246770e+03 +5.059679e+03 -6.143931e+04 +2.812515e+07 -2.436337e+11 +1.374241e+10 -4.297638e+12 -1.277713e+15 +4.920146e+18 +3.628734e+18   +1.006898e-06 -1.182868e-05 -2.076111e-03 +4.248571e-03 +1.121126e+00 -7.927761e+01 +3.258081e+03 +1.726184e+05 +1.622489e+07 +3.769515e+08 +4.727844e+10 +1.876629e+13 +1.407546e+15 +1.664703e+16 -3.354641e+18   
Q20-102   +5.996800e+00   +1.015423e-06 -6.269372e-02 -1.185913e-03 -4.123377e-02 -1.060288e+00 +2.197270e+03 -2.707227e+03 +3.936796e+05 -4.541425e+06 -2.404076e+11 +1.081872e+11 +1.931577e+12 -1.901262e+15 +4.973764e+18 +4.575817e+18   +3.198366e-07 +2.456945e-05 +3.649138e-04 +3.942079e-02 -4.926321e-01 -2.899478e+02 -5.873589e+03 +1.366326e+04 +7.251339e+06 +8.022847e+09 -5.171867e+11 +4.278318e+13 -4.491747e+15 -2.577280e+17 +5.903052e+18   
Q20-106   +5.997500e+00   +1.732985e-06 -6.343667e-02 +2.235843e-03 -6.259965e-02 +4.791993e-01 +2.281849e+03 -9.207848e+03 +2.671525e+05 +1.080923e+07 -2.468273e+11 +1.550828e+11 -2.654013e+12 +7.301065e+14 +5.155173e+18 +5.227790e+18   +2.387581e-06 -2.940474e-06 -7.047325e-03 +2.439506e-02 +3.179810e+00 -2.438673e+02 +1.806898e+04 -3.539500e+05 +2.078078e+06 +2.970674e+09 -1.294888e+11 -2.371441e+13 -4.997204e+14 -3.865586e+16 +5.316892e+18   
Q20-115   +5.995600e+00   +1.714609e-06 -6.269589e-02 +1.027756e-03 -2.537412e-02 +1.704722e+00 +2.133907e+03 +5.829008e+02 -7.161770e+04 +4.025183e+07 -2.341379e+11 +7.741934e+11 +1.702684e+13 -1.896020e+15 +4.998812e+18 +1.233290e+19   +7.965748e-07 -1.651332e-05 -9.392596e-04 +1.410638e-02 +2.751241e+00 -1.827103e+02 -9.694853e+02 +1.011955e+05 -7.049625e+06 +4.469478e+09 +1.242904e+11 -1.150579e+12 -8.109354e+14 -2.314716e+17 -1.357487e+18   
Q20-118   +5.995700e+00   +8.622374e-07 -6.262093e-02 -2.339298e-03 -1.642813e-02 -1.410778e+00 +2.231721e+03 +2.879153e+02 -5.343636e+04 +2.967141e+07 -2.406730e+11 +9.753688e+10 +8.322393e+12 +3.602305e+14 +4.875993e+18 +3.017357e+18   +8.448014e-07 -2.098626e-05 -7.923600e-04 +1.243098e-02 +2.611692e+00 -1.188225e+02 +2.136421e+02 +3.113630e+05 -5.013203e+06 +2.116565e+08 +2.407674e+11 +1.429086e+13 +4.296806e+14 +5.161542e+16 +6.590747e+18   
Q20-120   +5.995350e+00   +6.193975e-07 -6.278729e-02 -2.096783e-03 +1.121522e-02 -1.550075e+00 +2.251405e+03 +1.153913e+04 -9.237718e+05 +5.082172e+07 -2.373139e+11 -2.973773e+11 -3.970759e+12 -2.995115e+15 +4.865536e+18 +3.205563e+18   +7.740851e-07 -1.342243e-05 -2.016381e-03 -9.534841e-03 +3.391460e+00 -1.872469e+02 -2.817881e+02 -3.568966e+05 +5.880029e+06 +4.966998e+09 -4.611204e+11 +2.819699e+13 -2.078216e+15 +1.659682e+15 -1.560532e+19   
Q20-121   +5.996750e+00   +7.047627e-07 -6.277777e-02 -1.098788e-03 -3.329018e-02 -1.443843e+00 +2.190588e+03 +3.209970e+03 +8.579177e+05 +5.769143e+07 -2.405583e+11 +6.200920e+10 -1.462044e+13 +3.963272e+14 +5.047659e+18 +5.621843e+18   +1.354491e-06 -1.210182e-05 -1.816269e-03 -7.759416e-03 +3.282031e+00 -2.552559e+02 -3.136389e+03 +6.316076e+05 -3.493494e+07 +1.040651e+10 +2.869998e+11 +4.596645e+13 -4.779034e+15 -4.927246e+16 +2.101582e+19   
Q20-123   +5.996950e+00   +1.478698e-06 -6.258626e-02 -4.311758e-04 -1.195063e-02 +1.093719e-01 +2.214321e+03 -1.972109e+03 +2.484161e+05 +6.739366e+06 -2.383470e+11 +9.298528e+10 +2.376261e+13 -2.272727e+15 +5.224464e+18 -2.415848e+18   +2.358057e-08 -1.036162e-05 +7.179378e-04 +1.948822e-02 +1.182621e+00 -1.198690e+02 +5.035650e+03 -2.563133e+05 -5.323758e+07 -6.024341e+08 +7.280993e+10 -1.305979e+13 +2.995204e+14 +1.896988e+17 -5.352654e+18   
Q20-129   +5.996850e+00   +1.495185e-06 -6.285043e-02 -3.790797e-04 -6.458856e-02 +7.074237e-03 +2.304350e+03 -4.757624e+03 -1.032534e+04 +3.168305e+07 -2.446056e+11 -3.290568e+10 -8.756445e+12 -7.861339e+14 +5.023649e+18 -1.081043e+18   +5.465383e-07 +1.706938e-05 -1.643540e-03 +1.597731e-02 +2.374727e+00 -2.470775e+02 +2.864692e+03 +2.174785e+05 -1.673629e+07 +4.206995e+09 -1.261250e+11 -9.381382e+12 +1.370797e+14 -3.425468e+16 -2.354174e+18   
Q20-131   +5.996850e+00   +1.111004e-06 -6.290586e-02 -5.301495e-04 -1.389702e-02 +4.879563e-01 +2.197851e+03 +2.497643e+03 -2.814321e+05 -1.658352e+05 -2.415677e+11 +2.499507e+11 +4.536884e+12 -2.312162e+15 +4.944641e+18 +2.251509e+19   +5.974507e-07 +2.405353e-05 -1.130864e-03 +1.818333e-02 +1.835482e+00 -3.210569e+02 -7.159779e+03 -1.345940e+05 -9.537042e+06 +7.952097e+09 +1.610688e+11 +1.509393e+11 +1.636148e+15 -1.411646e+17 +5.063825e+18   
Q20-132   +5.997050e+00   -1.206972e-09 -6.281403e-02 -2.649931e-03 -6.825406e-02 -1.412155e+00 +2.251407e+03 +1.614220e+03 +3.715815e+04 +3.804424e+07 -2.436805e+11 -8.815639e+10 +1.394352e+13 -1.095695e+15 +5.016920e+18 -5.273241e+18   +9.282922e-07 -5.400737e-06 -2.264839e-03 -7.174828e-03 +2.779890e+00 -1.641897e+02 +2.440353e+03 +1.572115e+04 +2.489721e+07 +1.329027e+09 -9.650461e+10 +1.071027e+13 -3.126207e+14 -1.006969e+17 +9.395766e+17   
Q20-133   +5.996550e+00   +1.017827e-06 -6.260725e-02 -1.626564e-03 +9.303890e-03 -7.736037e-01 +2.307950e+03 -1.095619e+03 +4.416528e+04 +5.693434e+07 -2.419291e+11 -2.353737e+11 -2.034025e+13 +3.253587e+13 +4.960516e+18 -3.048576e+18   +9.691963e-07 +9.177292e-06 -1.346925e-03 +4.930247e-02 +2.002450e+00 -1.101985e+02 -4.480611e+03 +2.011073e+05 -2.322462e+07 +2.837673e+09 -1.347101e+11 +2.867164e+13 +2.093442e+14 -4.136957e+16 +1.792501e+19   
Q20-137   +5.997250e+00   +1.845618e-06 -6.289559e-02 +4.947864e-04 -6.807135e-03 +2.406058e-01 +2.357089e+03 -6.841361e+02 -3.140983e+05 +1.687957e+07 -2.419894e+11 -1.225656e+11 +1.402041e+12 -2.868725e+14 +4.873715e+18 +1.842706e+19   +6.586739e-07 +1.376291e-05 -1.680685e-03 +2.237492e-02 +2.806993e+00 -2.301822e+02 +5.816909e+03 +2.844072e+05 -1.967300e+07 +3.847468e+09 -4.269975e+08 -2.127535e+12 +1.135494e+15 -1.401510e+17 +4.666032e+16   
Q20-141   +5.996900e+00   +9.744533e-07 -6.286480e-02 -1.301310e-03 -1.798676e-02 -3.861322e+00 +2.222592e+03 +1.642113e+03 +4.603875e+05 +9.491857e+06 -2.397694e+11 -1.506418e+10 +3.760503e+13 +7.270051e+14 +5.065969e+18 -2.108891e+19   +5.050609e-07 +2.162649e-05 -2.330017e-04 +1.078556e-02 +1.070144e+00 -2.748792e+02 -1.251577e+03 +3.969759e+05 +4.411252e+07 +3.355265e+09 +7.227481e+10 +1.845472e+12 +2.810640e+15 -3.242387e+17 +1.393442e+19   
Q20-145   +5.995000e+00   +1.066748e-06 -6.284440e-02 -2.000122e-03 -6.885413e-02 -3.909418e-01 +2.254108e+03 -1.670702e+03 +4.429403e+05 +4.040108e+07 -2.390123e+11 -1.067204e+11 -2.539601e+12 +6.133054e+14 +4.777922e+18 +4.860676e+18   -2.972912e-07 -1.646611e-05 +1.419225e-03 +2.283805e-02 +6.461423e-01 -2.414210e+02 -9.124167e+03 -1.298052e+05 +1.862664e+07 +5.473139e+09 +1.896384e+11 +1.982192e+13 +1.183432e+14 -6.899261e+16 +7.306946e+18   
Q20-146   +5.997300e+00   +8.426360e-07 -6.264989e-02 -2.665820e-03 -5.658325e-02 -1.489322e+00 +2.278749e+03 +9.368026e+03 -7.589934e+05 +1.377905e+08 -2.333142e+11 +4.098406e+11 +7.788732e+12 +2.364099e+15 +5.189058e+18 -8.224559e+18   +6.146134e-07 -1.761588e-05 -1.922885e-03 +4.358028e-02 +2.316239e+00 -5.370643e+01 -1.628836e+03 +3.343201e+04 +6.659697e+07 +6.549841e+09 -2.462897e+10 +5.355920e+12 +2.270320e+15 +7.588435e+16 +3.302576e+17   
Q20-147   +5.997400e+00   +6.091690e-07 -6.296949e-02 -4.095466e-03 -1.105761e-01 -1.403229e+00 +2.364595e+03 +8.398188e+03 +1.358099e+05 +4.768023e+07 -2.405479e+11 -6.410450e+10 -6.303293e+12 +9.102269e+14 +4.986629e+18 -1.151416e+19   +1.171649e-06 -1.039305e-05 -3.511458e-03 +1.801727e-02 +3.655863e+00 -1.676406e+02 +7.213216e+03 -3.296625e+03 -4.285936e+06 +2.939400e+09 +1.276750e+10 +3.116140e+12 +9.825513e+13 +2.882814e+16 +9.168968e+18   
Q20-152   +5.997450e+00   +1.473543e-06 -6.255200e-02 -3.857563e-04 -1.294649e-01 -1.326743e+00 +2.283437e+03 +8.492363e+03 -5.911197e+04 -2.858793e+07 -2.360705e+11 -4.234260e+10 -1.537309e+12 -3.028937e+15 +5.100273e+18 -3.060604e+19   -1.197137e-07 -4.514869e-08 +1.833109e-04 +2.333572e-02 +1.311748e+00 -9.729907e+01 -3.550172e+03 +8.596504e+04 +3.163003e+05 +5.235442e+07 +2.494272e+11 +1.787455e+12 +8.282403e+14 -1.785200e+17 +1.120440e+19   
Q20-155   +5.997750e+00   +1.500551e-06 -6.268481e-02 -1.281986e-03 +4.009559e-02 -5.720877e-01 +2.150270e+03 -2.336816e+02 -4.539614e+05 +6.541923e+07 -2.457305e+11 +1.439927e+11 -9.829945e+12 -2.522501e+15 +4.920517e+18 +8.438990e+18   +1.640920e-06 +1.512680e-05 -3.587392e-03 +1.289851e-02 +2.999008e+00 -1.676921e+02 +1.356449e+03 -7.434365e+04 +2.531953e+05 +5.282864e+09 -5.573207e+10 -7.243336e+12 -1.588167e+15 +5.168682e+16 -3.850226e+18   
Q20-168   +5.996950e+00   +1.553848e-06 -6.276100e-02 +1.258481e-04 -5.189850e-02 -7.161949e-02 +2.057389e+03 -5.169396e+03 -4.241181e+04 +2.978017e+07 -2.379848e+11 +2.610867e+11 -1.107396e+13 +1.944155e+15 +4.643369e+18 +1.134953e+19   +1.187020e-06 -2.122169e-05 -1.999458e-03 +5.213183e-04 +1.074384e+00 -1.639059e+02 +6.601091e+03 +3.870427e+04 +2.686629e+07 +1.681321e+09 +2.517336e+11 -3.400032e+12 +4.593147e+14 -4.050894e+16 +1.471289e+19   
Q20-169   +5.997000e+00   +2.213420e-06 -6.290138e-02 +8.661896e-04 -1.681597e-02 -5.103493e-01 +2.073222e+03 -4.509892e+03 -2.372204e+05 +1.380484e+07 -2.398232e+11 +1.373352e+10 +2.806600e+12 -1.098080e+15 +4.939258e+18 -1.533951e+17   -1.049636e-07 -9.474844e-07 +1.269303e-03 +6.329677e-02 +2.290077e+00 -1.071581e+02 -2.368398e+03 +9.917569e+04 -2.213447e+07 +2.834949e+09 +3.959093e+09 -1.141047e+13 -1.587543e+15 +7.660012e+16 -5.961688e+18   
Q20-172   +5.994800e+00   +1.786290e-06 -6.319130e-02 +1.573383e-03 +5.613156e-03 -8.240572e-01 +2.202817e+03 -2.571382e+03 +1.357770e+05 +6.211917e+07 -2.382692e+11 -1.119078e+11 +1.948183e+13 -1.118132e+15 +5.305410e+18 +1.294692e+19   -4.937156e-07 -1.714499e-05 +1.330811e-03 +3.369700e-02 +4.225177e-01 -1.159207e+02 -1.069176e+04 +8.183356e+05 -1.712257e+07 +1.067641e+09 -1.667892e+11 -1.571840e+13 +2.712351e+15 +3.063190e+17 +2.179581e+19   
Q20-173   +5.997500e+00   +1.498278e-06 -6.287518e-02 -5.896750e-04 -4.681586e-02 -6.370128e-01 +2.149426e+03 -1.124236e+03 -1.896504e+05 +3.833942e+07 -2.409059e+11 -2.369557e+11 -2.058396e+13 -2.266724e+15 +4.619145e+18 +8.657609e+18   -5.429789e-07 -1.164171e-05 +1.906623e-03 -9.798059e-03 -8.885827e-01 -1.978249e+02 -7.544107e+03 +1.545061e+05 -1.313743e+07 +4.364447e+09 +1.064183e+11 -1.393093e+13 +3.059586e+14 -6.831381e+16 -1.034653e+19   
Q20-174   +5.995300e+00   -2.801199e-07 -6.324758e-02 -3.093748e-03 -1.983802e-02 -2.252111e+00 +2.189420e+03 +3.829311e+03 -6.849652e+05 -7.785797e+06 -2.420309e+11 -3.838056e+11 +7.366761e+12 +4.896092e+14 +4.766611e+18 -1.085032e+19   +1.205779e-06 -7.762135e-06 -2.361241e-03 +3.151197e-02 +1.595639e+00 -1.976788e+02 +3.614001e+03 -4.801126e+04 +2.323785e+07 +2.669509e+09 +1.093538e+11 -3.711474e+12 -9.728249e+14 +3.566072e+16 +6.662544e+18   
Q20-175   +5.997400e+00   +1.160838e-06 -6.300373e-02 -2.793744e-04 -4.850904e-03 -1.079325e+00 +2.110906e+03 +3.951439e+03 -1.982839e+05 +2.046132e+05 -2.412009e+11 +1.953350e+11 +2.976300e+12 -1.215408e+14 +4.847977e+18 -3.557470e+17   +1.158242e-06 +6.124554e-06 -3.058612e-03 +1.201281e-02 +8.833930e-01 -9.648114e+01 +4.382379e+03 -3.842137e+05 +5.054110e+05 +6.596382e+08 -9.758500e+10 -7.890089e+12 -5.873779e+14 -8.017673e+16 -5.621681e+18   
Q20-177   +5.997050e+00   +9.306702e-07 -6.282404e-02 -1.011711e-03 -1.115182e-01 -2.413263e+00 +2.169603e+03 +2.351828e+03 +3.397402e+05 +1.892651e+07 -2.420098e+11 -1.166507e+11 -1.023895e+13 -8.870947e+14 +5.055247e+18 +2.377249e+19   -6.352357e-07 +5.950792e-06 +3.571399e-03 +7.885083e-03 -8.680661e-01 -1.357743e+02 -8.218806e+03 -4.312374e+05 -2.266211e+06 -1.057950e+07 +3.980969e+11 +1.298823e+13 +3.305372e+14 +2.654523e+16 +9.255616e+18   
Q20-179   +5.997750e+00   +1.289345e-06 -6.265313e-02 -1.582354e-03 +2.636272e-02 -1.889093e+00 +2.101231e+03 +3.389166e+03 -3.745893e+05 +5.303110e+07 -2.410332e+11 +1.398002e+10 +1.891564e+13 +5.067562e+14 +4.902050e+18 -1.563247e+17   +4.446581e-07 -4.125100e-06 -1.042735e-03 +2.412130e-04 +1.131395e+00 -2.252085e+02 +3.402244e+03 +2.121396e+05 +4.889595e+06 +1.171828e+09 -1.050550e+11 +1.713996e+13 +2.939246e+14 -1.018989e+17 -2.144693e+18   
