# multipoles are divided by excitation current and units are [T], [m] and [A]
# harmonics (dipole n=0): 00 01 02 03 04 05 06 07 08 09 10 11 12 13 14 
# MAG_LABEL   CURRENT[A]   <NORMAL_MULTIPOLES/CURRENT>[T/m^(n-1)/A]   <SKEW_MULTIPOLES/CURRENT>[T/m^(n-1)/A]
Q20-005   +4.999470e+01   -4.497315e-07 -5.916125e-02 -4.928886e-04 -7.295715e-02 -4.139855e-01 +2.133192e+03 -1.940425e+03 +1.321182e+05 -3.316208e+07 -2.332859e+11 +3.508530e+10 +6.603990e+11 +9.585170e+14 +4.681022e+18 +4.972517e+17   -1.936723e-07 -1.237124e-05 +7.707787e-04 +1.188611e-02 -1.017689e+00 -1.284637e+02 -6.392414e+02 -9.592755e+04 +1.731451e+07 +3.033718e+09 -1.481692e+10 -7.064719e+12 -2.597031e+14 -2.887966e+16 +4.384281e+18   
Q20-007   +4.999595e+01   +5.244845e-07 -5.918747e-02 -1.011032e-03 -7.870588e-02 -5.568989e-01 +2.365114e+03 -1.651272e+03 +1.431600e+05 +1.684359e+07 -2.327036e+11 +6.248174e+10 -4.145976e+12 +1.894661e+13 +4.678231e+18 +2.689574e+18   +3.615585e-07 -7.061702e-06 -6.420258e-04 +1.727595e-02 -3.190122e-01 -1.625616e+02 +1.733699e+03 +7.465191e+04 +5.784559e+06 +4.181841e+09 -2.377123e+10 -1.012027e+13 -4.964482e+13 -3.197211e+16 -1.177554e+18   
Q20-009   +4.999535e+01   +2.036801e-07 -5.917850e-02 -9.915626e-04 -1.253665e-01 -8.231358e-01 +2.320744e+03 -2.588983e+02 +2.867399e+05 +1.772092e+07 -2.337453e+11 -1.489122e+10 -3.315976e+12 -5.104145e+14 +4.750808e+18 +2.394831e+18   +1.912588e-07 -1.197504e-05 -3.383111e-04 +1.077125e-02 +3.187404e-01 -1.851792e+02 -1.015058e+03 +5.429369e+04 +1.073280e+06 +4.878428e+09 -3.877721e+10 -9.322483e+12 -3.015638e+14 -1.083721e+17 +3.949209e+18   
Q20-010   +4.999425e+01   +6.544025e-07 -5.917721e-02 -3.905279e-04 -1.027875e-01 -5.322478e-01 +2.310672e+03 -2.744954e+03 +1.033400e+05 +9.663973e+06 -2.325663e+11 +6.703253e+10 +4.214541e+11 -3.125563e+14 +4.729766e+18 -7.751097e+17   -6.686171e-09 -6.348794e-06 -7.436177e-04 +1.829329e-02 +1.527812e+00 -1.828750e+02 +2.311626e+02 -9.992625e+03 -5.718620e+06 +5.664539e+09 -4.244828e+10 -5.902417e+12 +1.370727e+14 -1.295037e+17 +8.785588e+17   
Q20-011   +4.999425e+01   +2.272453e-08 -5.916212e-02 -1.188174e-03 -8.263880e-02 -8.213877e-01 +2.372885e+03 -1.918742e+03 +1.448626e+05 -3.635722e+06 -2.332876e+11 +5.406028e+10 -1.619425e+12 +2.854818e+13 +4.725897e+18 -1.835417e+18   +5.009244e-07 -5.136195e-06 -1.244781e-03 -7.972835e-03 +1.286967e+00 -1.802698e+02 +1.650204e+03 +6.567205e+04 +9.381447e+06 +5.004552e+09 -2.888372e+10 -4.408687e+12 -4.195825e+14 -9.506461e+16 +3.817673e+17   
Q20-012   +4.999465e+01   +2.517225e-07 -5.917275e-02 -1.659862e-03 -1.317816e-01 -9.976543e-01 +2.352666e+03 +1.278536e+03 +3.340213e+05 +2.481758e+07 -2.340794e+11 -1.494904e+10 -7.716856e+12 -1.084018e+15 +4.737375e+18 +7.986023e+17   +4.088555e-07 -2.907029e-05 -1.261297e-03 +3.966002e-03 +1.483121e+00 -1.800372e+02 +1.383101e+03 +2.419885e+04 +1.103770e+07 +4.765604e+09 +1.278554e+10 -6.978745e+12 +1.178443e+13 -9.161626e+16 -1.767495e+18   
Q20-013   +4.999435e+01   +4.620180e-07 -5.914906e-02 -6.891685e-04 -8.279218e-02 -3.722543e-02 +2.346495e+03 -1.092394e+03 +4.206683e+04 +1.995706e+07 -2.335524e+11 +5.847175e+10 +5.854436e+12 -7.778037e+14 +4.742190e+18 -1.844040e+18   +4.682933e-07 -2.147581e-05 -1.022985e-03 +3.168076e-02 +2.994814e-01 -2.359267e+02 +3.429654e+02 -4.468013e+04 +4.467263e+06 +6.881700e+09 +3.806496e+10 -7.001865e+12 -8.536317e+14 -1.733277e+17 +7.434398e+17   
Q20-014   +4.999450e+01   +4.134599e-07 -5.917183e-02 +1.077611e-04 -6.914733e-02 +9.180158e-01 +2.290872e+03 -3.355679e+03 +1.404714e+05 +3.402690e+06 -2.338405e+11 +7.782592e+10 +7.598016e+11 -4.218466e+14 +4.705826e+18 +4.147292e+18   +1.215832e-07 -2.814056e-05 -3.041801e-04 +4.000100e-02 -3.136989e-01 -1.613321e+02 -1.494112e+02 -7.326586e+04 -3.579760e+06 +4.499485e+09 +1.428616e+10 -7.186443e+12 -3.534541e+14 -7.981128e+16 +7.185752e+17   
Q20-015   +4.999435e+01   +3.709987e-07 -5.917581e-02 -1.232636e-03 -1.055213e-01 -3.712772e-01 +2.314210e+03 +3.239330e+02 +7.217612e+04 +1.535103e+07 -2.335974e+11 +3.826090e+10 -1.890184e+12 -4.709344e+14 +4.711306e+18 +2.042851e+18   +3.967822e-07 -7.718512e-06 -1.447208e-03 +8.096867e-03 +6.531916e-01 -2.164851e+02 +1.925697e+03 +4.576651e+04 +8.159320e+05 +5.892044e+09 -1.800189e+10 -5.872322e+12 +5.513041e+13 -1.290562e+17 +1.084569e+18   
Q20-016   +4.999520e+01   +6.425963e-09 -5.916388e-02 -1.840292e-03 -5.618957e-02 -6.430459e-01 +2.360769e+03 +1.101553e+03 -1.956855e+04 -1.974310e+06 -2.331852e+11 -1.600605e+10 -5.127826e+11 -4.719279e+13 +4.664110e+18 +1.144254e+18   +5.843027e-07 -2.134477e-05 -1.208072e-03 +1.457705e-02 +9.228572e-01 -2.382327e+02 +2.217743e+03 +1.776633e+05 +2.002836e+06 +8.238317e+09 +8.461564e+10 -6.999472e+12 -2.906337e+12 -1.817862e+17 -8.505297e+17   
Q20-021   +4.999520e+01   +8.864175e-07 -5.913916e-02 -6.799483e-04 -9.839053e-02 -5.306277e-01 +2.273524e+03 -8.419220e+02 +3.480240e+05 +3.543646e+07 -2.328642e+11 -4.709690e+10 -8.037480e+12 -1.498493e+15 +4.667854e+18 -1.284573e+18   +7.545534e-07 -1.048575e-07 -1.907972e-03 +2.826653e-02 +2.031441e+00 -2.237205e+02 +3.826365e+03 -1.033668e+05 +6.164652e+06 +7.531997e+09 -6.870546e+10 -3.913464e+11 -6.093279e+14 -2.612313e+17 +1.773915e+18   
Q20-022   +4.999460e+01   +2.116633e-07 -5.910332e-02 -1.020315e-03 -9.964462e-02 -1.430706e-02 +2.257362e+03 -7.082847e+02 +2.896275e+03 +3.310123e+06 -2.322407e+11 +1.472254e+10 -1.886357e+12 -4.060677e+14 +4.693457e+18 +7.193991e+17   +6.947424e-08 -1.241246e-05 +2.765835e-04 +2.150678e-03 +1.416233e-01 -1.992945e+02 +5.103589e+02 +1.231277e+05 +4.300826e+06 +4.410848e+09 -3.164358e+10 -7.076506e+12 -1.945697e+12 -4.981558e+16 +5.268541e+18   
Q20-023   +4.999455e+01   +2.552164e-07 -5.913325e-02 -1.269439e-03 -6.297110e-02 -5.406429e-02 +2.370532e+03 -7.650066e+02 -9.944092e+04 +1.019039e+07 -2.337571e+11 +5.721846e+10 +5.229996e+12 -1.669791e+14 +4.723849e+18 -1.088845e+18   +5.388049e-07 -1.315011e-05 -1.184359e-03 +3.084076e-02 +1.626931e+00 -2.192485e+02 +1.491292e+03 -2.173823e+05 +7.034027e+06 +5.405967e+09 -6.576943e+10 -2.544355e+12 -3.327411e+14 -6.725113e+16 +7.292037e+17   
Q20-026   +4.999505e+01   +2.964147e-07 -5.914942e-02 -2.059374e-03 -3.221921e-02 -1.851559e+00 +2.308631e+03 +2.093649e+03 -2.295895e+03 +2.458533e+07 -2.333519e+11 -1.133665e+11 -1.583570e+12 -6.317071e+14 +4.709388e+18 +7.357842e+18   +3.671707e-07 -2.042242e-05 -1.460656e-04 +7.614846e-03 -1.040355e-01 -1.603705e+02 +2.829704e+02 -2.567028e+04 +1.435350e+07 +4.645168e+09 +6.711614e+10 -4.765064e+09 -3.329420e+14 -7.923806e+16 -1.557183e+18   
Q20-027   +4.999525e+01   +5.102787e-07 -5.915712e-02 -1.400880e-03 -8.620785e-02 -6.028183e-01 +2.322867e+03 -4.966918e+02 +5.736737e+04 +2.359974e+07 -2.323865e+11 +3.302148e+10 +3.645080e+12 -4.095259e+14 +4.752776e+18 -4.004030e+16   +1.235783e-07 -2.052637e-05 -1.546226e-05 +1.464548e-02 +4.550352e-01 -1.940691e+02 -5.588265e+02 +1.359921e+05 +1.315619e+07 +6.045012e+09 -1.771601e+10 -9.198046e+12 -1.941675e+14 -1.544364e+17 -1.425719e+18   
Q20-028   +4.999485e+01   +1.830130e-07 -5.915235e-02 -1.088744e-03 -7.983146e-02 -5.711572e-01 +2.286069e+03 -2.576275e+03 +3.979454e+04 +3.304328e+07 -2.323819e+11 +5.379282e+10 +3.120835e+12 -9.478046e+14 +4.714904e+18 -1.334861e+18   +2.395885e-07 -1.691052e-05 -1.839478e-04 +2.036074e-02 +1.272012e-01 -1.609596e+02 -1.414118e+03 +1.732061e+05 +2.084993e+07 +3.041477e+09 +1.637345e+10 -6.973032e+12 -7.108966e+13 -3.211767e+15 +1.029492e+18   
Q20-033   +4.999515e+01   +6.266254e-07 -5.913218e-02 -1.112812e-03 -8.551694e-02 -8.246552e-01 +2.330848e+03 -1.381833e+03 +2.063130e+04 +2.064358e+07 -2.340735e+11 +2.866184e+10 -1.351201e+11 -4.578708e+14 +4.747935e+18 +8.275811e+17   +4.734627e-07 -1.516145e-05 -1.013114e-03 +2.003688e-02 +1.191234e+00 -1.330243e+02 +9.053396e+02 -2.181570e+04 +1.114566e+07 +4.056039e+09 -5.426058e+09 -8.742606e+12 -8.470232e+14 -8.064404e+16 -2.986188e+18   
Q20-034   +4.999445e+01   +3.062310e-07 -5.911386e-02 -8.910151e-04 -8.713111e-02 -9.228982e-01 +2.314229e+03 -1.720580e+03 +7.773395e+04 +5.292607e+06 -2.319717e+11 -6.802327e+09 -1.563977e+12 -4.430424e+14 +4.657169e+18 +2.759552e+18   +8.090432e-07 -2.328869e-05 -3.811377e-03 +1.079534e-02 +3.140281e+00 -1.749967e+02 +8.036708e+03 +3.626337e+04 -3.014215e+06 +2.747273e+09 -9.475510e+10 -3.626371e+12 -2.241455e+14 -6.080197e+14 +2.211417e+18   
Q20-035   +4.999475e+01   +4.264750e-07 -5.911823e-02 -1.865557e-03 -6.027045e-02 -1.180237e+00 +2.328248e+03 +9.237616e+02 +7.099353e+04 +2.825621e+07 -2.326540e+11 -4.028495e+10 -1.612356e+12 -3.352700e+14 +4.691757e+18 +1.036449e+18   +1.901272e-07 -1.981291e-05 -8.889741e-05 +2.555710e-02 -1.391727e-02 -1.262480e+02 -7.501918e+02 +1.029493e+05 +6.379438e+06 +5.063038e+09 +2.452768e+10 -1.048337e+13 -6.376996e+14 -1.304496e+17 +1.179795e+18   
Q20-036   +4.999480e+01   +5.308130e-07 -5.918119e-02 -7.298341e-04 -7.802067e-02 -5.544467e-01 +2.279617e+03 -1.190756e+03 +2.646943e+05 +7.420226e+05 -2.320425e+11 -5.811134e+09 -5.522860e+12 +2.819687e+14 +4.659925e+18 +3.838005e+18   +8.053450e-07 -2.205861e-05 -1.486914e-03 +2.533077e-02 +2.272580e-01 -1.631512e+02 +4.215766e+03 +1.445145e+04 +1.650531e+07 +6.521914e+09 -6.655710e+10 +1.311598e+12 -8.970061e+14 -1.265858e+17 +3.892131e+18   
Q20-038   +4.999435e+01   +5.763799e-07 -5.915578e-02 -1.508406e-03 -1.005681e-01 -1.213664e+00 +2.331795e+03 -1.167646e+03 +1.488113e+05 +2.608539e+07 -2.320686e+11 +2.737221e+10 -4.859937e+12 -8.300594e+14 +4.676118e+18 +3.760831e+17   +2.778514e-07 -2.557377e-05 +2.800382e-05 +3.086697e-02 -2.393062e-01 -1.728518e+02 +2.252829e+03 +1.282574e+05 +2.262952e+06 +3.028096e+09 -8.477376e+10 -9.766646e+12 +4.936182e+12 -1.453867e+16 +1.654557e+18   
Q20-039   +4.999440e+01   +9.888688e-07 -5.914574e-02 -5.929826e-04 -5.535952e-02 -1.431702e-02 +2.315469e+03 -4.062867e+03 -2.429798e+03 +1.422228e+07 -2.326099e+11 +8.373112e+10 -3.481366e+12 -2.156243e+14 +4.665235e+18 +7.388043e+17   +1.212096e-07 -9.276953e-06 -1.944114e-04 +2.971925e-02 +4.663302e-01 -1.595267e+02 +1.683356e+03 -3.546505e+03 +1.756710e+07 +3.737391e+09 -1.732428e+11 -7.760681e+12 -7.983138e+14 -5.278295e+16 +6.095721e+18   
Q20-041   +4.999535e+01   +6.599788e-07 -5.910992e-02 -1.301696e-03 -7.012642e-02 -5.236835e-01 +2.256392e+03 +1.730675e+03 +2.940695e+05 +3.493247e+07 -2.319898e+11 +1.755557e+09 -1.088815e+13 -1.138245e+15 +4.650927e+18 -6.944874e+17   +5.530974e-07 -3.370537e-06 -9.862243e-04 +1.153330e-02 +1.217238e+00 -2.236000e+02 +1.199513e+03 +4.050657e+04 +9.029174e+06 +6.974507e+09 -1.010907e+10 -2.331435e+12 -2.744243e+14 -2.069412e+17 +2.303118e+18   
Q20-044   +4.999430e+01   +7.278086e-07 -5.912100e-02 -1.514125e-03 -9.660831e-02 -1.310410e+00 +2.348240e+03 +2.247332e+03 +2.481471e+05 +2.301292e+07 -2.327337e+11 -6.800599e+10 -5.149261e+12 -4.956869e+14 +4.678189e+18 -3.597282e+17   +7.112923e-07 -1.806638e-05 -2.210522e-03 +6.503839e-04 +2.161490e+00 -1.911306e+02 +4.927350e+03 -1.383894e+04 -2.357073e+06 +5.021278e+09 -1.053202e+11 -7.815923e+12 -8.155592e+13 -1.168141e+17 +6.621871e+18   
Q20-045   +4.999500e+01   +8.670515e-07 -5.910183e-02 -7.878522e-04 -6.041224e-02 -5.042054e-01 +2.351437e+03 -3.259572e+02 +2.073845e+05 +2.886605e+07 -2.325717e+11 +4.024292e+10 -1.918354e+12 -9.185989e+14 +4.732825e+18 -9.019852e+17   +6.273137e-07 -9.078156e-06 -1.652171e-03 +3.472959e-02 +1.397368e+00 -1.819475e+02 +3.057512e+03 +1.122888e+05 +6.417436e+06 +6.371633e+09 +5.527789e+09 -1.171445e+13 -5.099356e+14 -1.045467e+17 +8.394635e+17   
Q20-048   +4.999455e+01   +4.676442e-07 -5.906400e-02 -1.605457e-04 -1.939912e-02 +8.822940e-01 +2.294866e+03 -1.196259e+03 -9.665188e+03 +7.801756e+06 -2.307297e+11 -8.182158e+09 +5.081914e+12 -1.894294e+14 +4.636939e+18 +3.937399e+18   +1.385879e-07 -1.008269e-05 +5.409084e-04 +1.598974e-03 -1.200331e+00 -7.770629e+01 +4.892967e+01 +1.400943e+04 +2.494954e+07 +1.219599e+08 -3.220677e+10 -1.848868e+12 -5.491143e+14 +7.901697e+16 +1.521143e+18   
Q20-049   +4.999480e+01   +6.862254e-07 -5.908140e-02 -2.382146e-04 -8.408146e-02 +1.082258e+00 +2.307746e+03 -1.994175e+03 +1.480551e+05 +1.224428e+07 -2.308452e+11 +9.997390e+10 +3.061306e+12 +1.571316e+14 +4.634906e+18 -3.724257e+18   +7.207156e-07 -1.778042e-05 -2.293146e-03 +1.154120e-02 +1.630304e+00 -1.322173e+02 +2.722313e+03 -2.073218e+02 +9.166725e+06 +2.838545e+09 -1.345651e+10 -2.273280e+12 -7.422742e+13 -4.737023e+16 +2.261103e+18   
Q20-051   +4.999490e+01   +4.925798e-07 -5.903898e-02 -1.268864e-03 -5.461641e-02 +2.432944e-01 +2.332644e+03 +2.867771e+03 -1.619399e+04 +2.723918e+07 -2.287061e+11 -2.594925e+10 +1.887666e+12 -6.961932e+14 +4.652601e+18 -1.311042e+18   +5.132347e-07 -1.830748e-05 -9.074370e-04 +3.783814e-03 +1.095648e+00 -1.403146e+02 +1.714870e+03 +1.446191e+05 +2.410918e+06 +3.043592e+09 -3.470394e+09 -7.856437e+12 -3.004370e+14 +1.003992e+16 +9.633721e+17   
Q20-053   +4.999590e+01   +8.097340e-07 -5.908168e-02 -1.300497e-03 -9.072500e-02 +3.922398e-01 +2.300577e+03 -1.166275e+03 +2.438658e+05 +2.386484e+07 -2.305305e+11 +1.039190e+11 -7.979422e+12 -4.589972e+14 +4.657700e+18 -7.313082e+17   +2.337326e-07 -2.056425e-05 -1.021216e-03 +1.575320e-02 +2.064287e+00 -1.452594e+02 +1.769220e+03 +2.091736e+05 -1.832465e+06 +3.464098e+09 -4.609312e+10 -1.078700e+13 -3.697967e+14 -5.194902e+16 +2.506588e+18   
Q20-055   +4.999515e+01   +5.620733e-07 -5.907831e-02 -1.281255e-03 -2.898995e-02 -7.075920e-01 +2.309184e+03 +1.189902e+03 -5.670636e+04 +3.475941e+07 -2.313368e+11 +6.321539e+09 +4.951910e+12 -1.081673e+15 +4.687413e+18 -2.285402e+17   +1.244472e-07 -1.419540e-05 +1.702601e-04 -2.631779e-03 +1.968148e-01 -1.484978e+02 -2.935323e+03 +1.008934e+05 +6.270768e+06 +4.177137e+09 +8.400317e+10 -4.494788e+12 -2.391732e+14 -4.389410e+16 -1.107335e+18   
Q20-057   +4.999525e+01   +6.578283e-07 -5.903679e-02 -1.103557e-03 -6.243351e-02 -9.453440e-01 +2.303157e+03 -6.218383e+02 +5.013732e+04 +2.733868e+07 -2.301371e+11 -4.821712e+09 -5.072792e+11 -7.533824e+14 +4.632852e+18 +1.097096e+18   +4.092303e-07 -1.024705e-05 -1.867260e-04 +6.823348e-03 +1.141206e+00 -8.681421e+01 -1.677102e+03 +1.624652e+05 +6.009671e+06 +9.957716e+07 +2.032083e+10 -1.182677e+13 -3.913510e+14 +9.865845e+16 +1.643778e+18   
Q20-061   +4.999415e+01   +4.946561e-07 -5.914666e-02 -1.781420e-04 -5.834765e-02 +4.720008e-01 +2.313167e+03 -2.401781e+03 -6.190356e+04 +1.236357e+07 -2.315965e+11 +3.223643e+10 +5.325821e+12 -3.448055e+14 +4.713583e+18 +1.529136e+18   +3.622250e-07 +1.578802e-05 -1.334031e-03 -3.922463e-04 +4.963969e-01 -3.035721e+02 +1.495193e+03 +5.258289e+04 +5.003181e+06 +8.866605e+09 -7.721469e+10 -1.026783e+13 -3.837921e+14 -1.675611e+17 +3.361633e+18   
Q20-063   +4.999455e+01   +1.670146e-07 -5.908618e-02 -4.623126e-04 -5.908242e-02 +3.727992e-01 +2.254074e+03 -1.613630e+03 -5.260635e+04 -2.406040e+06 -2.285103e+11 +1.229291e+11 +1.631216e+12 -8.069044e+13 +4.618329e+18 -2.508129e+18   +2.850381e-07 -1.013883e-05 -9.987809e-04 +7.649578e-03 +1.216814e+00 -1.946596e+02 +3.770565e+02 +1.538579e+05 +1.622328e+07 +2.411297e+09 +2.715298e+10 -1.590759e+13 -1.123916e+15 +8.284729e+16 -1.565058e+18   
Q20-065   +4.999465e+01   +6.570639e-07 -5.910124e-02 -9.385246e-04 -4.952408e-02 -7.988513e-01 +2.306747e+03 -6.067679e+02 +1.996904e+04 +1.114416e+07 -2.290885e+11 -4.409536e+10 -1.330355e+12 -3.028550e+14 +4.612658e+18 +1.745899e+18   +4.817359e-07 -1.817747e-05 -1.104367e-03 +1.206532e-02 +6.944361e-01 -1.636329e+02 +1.885391e+03 -9.690951e+03 +2.332444e+07 +2.472539e+09 -1.382042e+10 -1.143063e+12 -7.922228e+14 +4.684087e+16 -4.230521e+17   
Q20-066   +4.999315e+01   +9.050852e-07 -5.909376e-02 -3.214160e-04 -1.548823e-02 +2.937862e-01 +2.283981e+03 +3.964251e+02 -1.151973e+05 +2.284825e+07 -2.305636e+11 +1.571261e+10 -6.473079e+11 -4.644942e+14 +4.682526e+18 -3.757355e+18   +2.186602e-07 -1.241554e-05 +5.551689e-04 +1.796778e-02 -1.795873e-01 -2.088666e+02 -4.183891e+03 +2.325685e+05 -2.157366e+06 +4.567078e+09 +8.472915e+10 -7.123304e+12 -2.860938e+14 -3.938470e+16 -2.573267e+18   
Q20-068   +4.999480e+01   +6.823428e-07 -5.911539e-02 -9.373275e-04 -4.404268e-02 +6.603909e-01 +2.324810e+03 -4.247404e+02 +3.438256e+04 +2.162039e+07 -2.302121e+11 +6.307758e+10 -1.444079e+12 -4.830530e+14 +4.602713e+18 -1.400920e+17   +3.057194e-07 -1.880726e-05 -4.358149e-04 +5.294385e-03 +6.858455e-02 -2.333645e+02 +1.362417e+03 +2.392179e+05 +1.107085e+07 +6.343292e+09 -4.576712e+10 -1.262397e+13 -2.178029e+14 -6.520432e+16 +4.176458e+18   
Q20-069   +4.999405e+01   -1.817870e-07 -5.908467e-02 -8.779927e-04 -1.072686e-01 -1.760960e-01 +2.291175e+03 +6.120822e+03 +3.878624e+05 -8.753128e+06 -2.310471e+11 -1.336054e+11 -1.824699e+13 -4.725402e+14 +4.687404e+18 +4.267656e+18   +4.969533e-07 +2.109357e-05 -9.322287e-04 +1.542678e-02 +3.347842e-01 -1.914701e+02 -9.020927e+02 +7.481008e+04 +8.113762e+06 +3.722769e+09 +5.182381e+10 -3.999552e+12 -5.442348e+14 -4.154916e+16 -1.515464e+18   
Q20-071   +4.999415e+01   +7.658646e-07 -5.911550e-02 +2.153344e-04 -8.599722e-02 +3.392427e-01 +2.322310e+03 -1.698177e+03 +2.060587e+05 +2.390904e+07 -2.310470e+11 +5.003829e+10 -4.990088e+12 -1.083674e+15 +4.666742e+18 +7.390809e+17   +4.336773e-07 +5.883376e-06 +7.166999e-04 +8.645001e-03 -1.901679e+00 -1.811224e+02 -2.810659e+03 +1.378919e+05 +1.533321e+07 +3.978291e+09 +1.751158e+11 -1.067727e+13 -2.718242e+14 -4.550538e+16 -4.535743e+18   
Q20-073   +4.999430e+01   +9.995151e-07 -5.912966e-02 -3.574818e-04 -8.180837e-02 +4.066316e-01 +2.324705e+03 -6.619729e+02 +2.537665e+05 +2.496161e+07 -2.339405e+11 -3.659723e+09 -4.751422e+12 -4.926148e+14 +4.807226e+18 +4.917969e+18   +3.394159e-07 +2.676633e-05 -1.604809e-05 +1.385419e-02 -6.654401e-01 -1.851080e+02 +2.887673e+03 +2.472672e+04 +2.279396e+07 +5.341677e+09 -1.503139e+10 -5.101308e+12 -7.448769e+14 -1.398512e+17 +2.536137e+18   
Q20-074   +4.999430e+01   +6.155874e-07 -5.912212e-02 -1.227164e-03 -6.775772e-02 -2.076955e-01 +2.291707e+03 -7.122404e+02 +2.830775e+05 +2.817605e+07 -2.322719e+11 +1.125354e+10 -3.601101e+12 -3.662592e+14 +4.710079e+18 +1.696619e+17   +3.420276e-07 +2.815353e-06 -8.970759e-05 +1.496080e-02 -4.014098e-02 -1.980206e+02 +4.315510e+03 -1.899305e+04 +2.018542e+07 +4.882229e+09 -8.158526e+10 -1.491342e+12 -2.996210e+14 -7.504237e+16 +4.616378e+18   
Q20-076   +4.999410e+01   +7.792586e-07 -5.910331e-02 -9.929248e-04 -3.621981e-02 -1.738308e-01 +2.211551e+03 -7.804485e+02 -5.210665e+04 +2.164811e+07 -2.326062e+11 +3.510548e+10 -8.495226e+12 -2.289894e+14 +4.721289e+18 +2.367249e+18   -1.385885e-07 +2.059357e-05 -2.229379e-04 +3.283019e-02 +1.140674e-03 -2.607720e+02 -1.237531e+03 +4.329791e+05 -1.227605e+07 +8.273594e+09 -8.240418e+10 -1.105329e+13 -2.552511e+13 -1.919936e+17 +3.844378e+18   
Q20-077   +4.999435e+01   +2.001390e-07 -5.910316e-02 -8.121848e-04 -5.521710e-02 -1.292750e+00 +2.271427e+03 -1.223173e+03 +8.567898e+04 +9.087867e+06 -2.320180e+11 +4.079845e+10 -7.495109e+10 -1.607059e+14 +4.755981e+18 -1.467399e+18   +2.331285e-07 -1.218731e-05 -5.507550e-04 +2.002640e-02 +1.097690e+00 -1.737989e+02 -8.046419e+02 -7.698254e+03 -8.876317e+06 +2.591707e+09 +2.012223e+10 -3.844434e+12 +4.013388e+14 +1.022603e+15 -9.246847e+17   
Q20-078   +4.999440e+01   +6.135159e-07 -5.908898e-02 -1.049300e-03 -7.775545e-02 +5.075088e-01 +2.286462e+03 -1.014145e+02 -2.972555e+04 +2.565307e+07 -2.297675e+11 +1.487508e+10 +2.841440e+12 -6.804046e+14 +4.655181e+18 +4.914468e+17   +5.566659e-07 -1.097375e-05 -9.712368e-04 +2.355574e-02 +1.238460e-01 -2.263822e+02 +4.144524e+03 -9.007575e+04 +1.635920e+07 +5.354236e+09 -5.439451e+10 -5.784958e+12 +9.635763e+12 -1.271986e+17 -2.940837e+17   
Q20-080   +4.999425e+01   +5.214814e-07 -5.907649e-02 -1.090184e-03 -8.255257e-02 -6.688765e-01 +2.312654e+03 +2.369000e+03 +2.290891e+05 +1.521504e+07 -2.327162e+11 +2.352273e+10 -6.953870e+12 -1.010780e+15 +4.717270e+18 +9.484207e+16   +5.379711e-08 +9.505365e-06 -7.545560e-04 +5.948790e-03 +1.185319e+00 -1.774936e+02 -2.064625e+01 +1.551660e+05 -8.115521e+06 +4.951443e+09 +1.143147e+09 -9.274581e+12 +3.085459e+14 -8.027647e+16 +1.398305e+18   
Q20-081   +4.999420e+01   +5.798735e-07 -5.910474e-02 -5.967942e-04 -5.681719e-02 -4.630495e-01 +2.230275e+03 -4.943945e+02 +2.237292e+05 +4.261812e+07 -2.316121e+11 -8.428862e+10 -6.348568e+12 -1.170234e+15 +4.731059e+18 +9.221612e+18   +3.801411e-07 +5.140150e-06 -1.716435e-03 +1.802602e-02 +1.533706e+00 -2.553444e+02 +9.424631e+02 -6.164077e+03 -2.209780e+07 +8.997592e+09 -5.555910e+10 -1.619544e+12 +1.108691e+15 -2.660349e+17 +2.555014e+18   
Q20-082   +4.999430e+01   +2.957187e-07 -5.911650e-02 -1.000765e-04 -6.613968e-02 +6.835957e-01 +2.195280e+03 -3.369846e+03 +2.991471e+05 -1.289819e+06 -2.323831e+11 +1.428602e+11 -1.452134e+13 +1.809089e+14 +4.767429e+18 -2.228010e+18   -2.133839e-08 +4.517907e-06 -1.063757e-03 +2.008609e-02 +1.268868e+00 -1.818943e+02 +4.252687e+03 +1.249324e+05 -2.072864e+07 +4.942609e+09 -1.472028e+11 -1.169259e+13 +7.772972e+14 -9.406930e+16 +5.082301e+18   
Q20-083   +4.999270e+01   +2.313422e-07 -5.906674e-02 -6.478652e-04 -5.968679e-02 -2.674763e-01 +2.227847e+03 -1.414320e+03 +2.834316e+04 +1.921403e+07 -2.302762e+11 -1.591053e+10 +9.408266e+11 -3.004737e+14 +4.733051e+18 +1.953168e+18   +3.906730e-07 -2.212569e-05 -1.245661e-03 +1.969165e-02 +1.156596e+00 -1.563863e+02 +3.347871e+03 -6.180306e+04 -1.086764e+07 +2.515833e+09 -1.481433e+11 -2.486525e+12 +6.534688e+14 -1.447100e+15 +4.468858e+18   
Q20-086   +4.999490e+01   +7.355998e-07 -5.910463e-02 +1.231938e-04 -5.252036e-02 +2.829663e-01 +2.224437e+03 -2.152512e+03 +1.311092e+05 +3.386883e+06 -2.316160e+11 +4.916722e+10 -5.796997e+12 +4.639509e+11 +4.769352e+18 -2.371536e+18   +3.290628e-07 -5.607448e-06 -9.258192e-04 +3.707504e-03 +9.396194e-01 -1.543257e+02 +2.441405e+02 +2.754947e+05 +5.898922e+06 +2.300429e+09 +5.484751e+10 -7.132051e+12 -6.569884e+14 +4.585114e+16 -1.167941e+18   
Q20-087   +4.999450e+01   +7.680937e-07 -5.911070e-02 -3.961738e-04 -7.140569e-02 -3.097059e-01 +2.206207e+03 -2.785116e+03 -4.413447e+03 +1.486120e+07 -2.292068e+11 +1.673366e+11 -2.554393e+12 -4.819560e+14 +4.647757e+18 -9.494384e+18   +2.841395e-07 -2.116255e-05 -1.474520e-03 +1.248895e-02 +2.198556e+00 -1.499378e+02 -1.958073e+02 +3.659745e+05 -1.076766e+07 +1.692788e+09 +7.864747e+10 -2.117301e+13 -3.576751e+14 +4.420200e+16 -1.634012e+18   
Q20-088   +4.999440e+01   +9.833483e-07 -5.906416e-02 -2.855388e-04 -2.042435e-02 -3.565799e-01 +2.254483e+03 -1.583221e+03 +4.850455e+04 +2.623760e+07 -2.286300e+11 -1.335772e+10 -2.485010e+12 -7.205611e+14 +4.555440e+18 +2.140408e+18   +3.997448e-07 -2.180262e-05 -1.320105e-03 +3.482622e-02 +1.550438e+00 -2.176026e+02 +2.514854e+03 -2.354562e+05 -2.861999e+06 +4.933683e+09 -1.239241e+11 -4.934691e+11 -2.967106e+14 -5.266024e+16 +3.555850e+18   
Q20-090   +4.999355e+01   +5.040026e-07 -5.909776e-02 -8.314731e-04 -7.443684e-03 -1.352554e-01 +2.230916e+03 -5.789795e+02 -6.106518e+04 +1.673210e+07 -2.311688e+11 +6.563621e+10 +5.228316e+12 -5.925174e+14 +4.729090e+18 -4.637062e+18   +3.082538e-08 -1.167265e-05 -3.750878e-05 +1.294983e-02 +5.270034e-01 -1.334491e+02 -3.992931e+03 -1.812423e+04 +6.755693e+06 +2.156500e+09 +1.015199e+11 -7.827654e+12 -4.288047e+14 -2.091440e+16 -2.013626e+18   
Q20-091   +4.999295e+01   -3.163978e-07 -5.913002e-02 -1.134507e-03 -4.287855e-02 -9.534910e-02 +2.178943e+03 +2.228020e+03 +1.105572e+05 +1.512432e+06 -2.266054e+11 -3.168673e+10 +3.631840e+12 +8.682042e+13 +4.520785e+18 +2.385882e+17   +1.109234e-07 -4.895342e-06 -6.578870e-04 +5.273374e-03 +3.923031e-01 -2.062685e+02 +2.015602e+03 -9.668311e+04 -1.515223e+07 +4.502657e+09 +5.740025e+10 -2.449149e+12 +1.087505e+15 +5.163254e+16 -4.310260e+18   
Q20-092   +4.999465e+01   +1.025350e-07 -5.908238e-02 -1.528735e-03 -6.638588e-02 -5.438854e-01 +2.260354e+03 +3.250830e+03 +6.546773e+04 +1.192188e+07 -2.309731e+11 -3.316211e+10 -2.777821e+12 -5.948168e+14 +4.669448e+18 +2.584046e+18   +2.735661e-07 -2.040904e-05 -1.029695e-03 +1.168343e-02 +1.339310e+00 -1.297366e+02 +4.267195e+03 +1.845098e+05 +1.405896e+07 +1.952958e+09 -6.049709e+10 -8.967055e+12 -2.052798e+14 -2.071078e+14 -2.299058e+18   
Q20-094   +4.999305e+01   +4.428174e-07 -5.907279e-02 -2.037455e-03 -4.683311e-02 -6.477000e-02 +2.268073e+03 +1.543417e+03 -1.740773e+05 +1.644870e+07 -2.295889e+11 +3.691707e+10 +1.040101e+13 -2.565421e+14 +4.607204e+18 -2.563888e+17   +6.618246e-07 -9.688779e-06 -1.981468e-03 +2.175832e-02 +1.942214e+00 -2.014498e+02 +4.121079e+03 +1.279994e+05 +1.588654e+07 +5.938557e+09 -5.157001e+10 -1.026948e+13 -8.023795e+14 -1.062741e+17 -1.720203e+18   
Q20-098   +4.999565e+01   +6.815847e-07 -5.910200e-02 -3.743084e-05 -5.956874e-02 +5.975290e-02 +2.248414e+03 -3.195996e+03 +3.412833e+04 +2.372696e+07 -2.315597e+11 +9.086829e+10 +6.467239e+11 -8.928901e+14 +4.707738e+18 -2.573276e+18   +5.908832e-08 -1.036808e-05 -1.601636e-04 +9.926632e-03 +1.343809e-01 -1.022199e+02 +4.770785e+02 +1.133773e+05 +5.939285e+05 +2.362744e+09 +2.672160e+10 -7.777819e+12 +4.200735e+14 -2.907483e+16 -2.109820e+18   
Q20-102   +4.999415e+01   +5.684523e-07 -5.911458e-02 -2.610855e-04 -3.719845e-02 -2.288418e-01 +2.137674e+03 -3.609620e+03 +2.019376e+03 +2.233165e+07 -2.285359e+11 +6.529292e+10 +7.368088e+11 -9.540252e+14 +4.708199e+18 +2.668264e+17   +3.963492e-07 +2.131751e-05 -1.281576e-03 +1.404526e-02 +6.395268e-01 -3.176670e+02 +3.496299e+03 -4.865509e+03 +8.311438e+06 +1.032001e+10 -8.063905e+10 -5.615731e+12 -2.190214e+14 -2.719432e+17 +5.158095e+18   
Q20-106   +4.999585e+01   +3.089716e-07 -5.919845e-02 -2.824622e-04 -3.769529e-02 -3.234934e-01 +2.253667e+03 -2.111959e+03 +3.510555e+05 -7.118653e+06 -2.316046e+11 +3.888783e+10 +6.661001e+12 -5.384845e+13 +4.704384e+18 +3.831850e+17   +2.188804e-07 -1.086276e-05 -5.925646e-04 +1.268593e-02 +1.821455e-01 -1.935851e+02 +2.798640e+03 +1.256677e+05 -2.467775e+06 +3.989219e+09 -4.344763e+10 -1.477701e+13 +3.621419e+13 -1.080553e+15 +9.912237e+17   
Q20-115   +4.999360e+01   +4.353299e-07 -5.909710e-02 -1.069184e-03 -3.860510e-02 +6.719884e-01 +2.234946e+03 -3.686752e+02 -1.487485e+05 -1.124536e+07 -2.289949e+11 +4.949007e+10 +6.428173e+12 +5.484356e+14 +4.606614e+18 -2.789313e+18   +5.650401e-07 -1.704804e-05 -1.155734e-03 +6.241813e-03 +1.779003e+00 -1.613074e+02 -1.234481e+03 +1.497097e+05 +1.575620e+07 +4.417059e+09 +1.297707e+11 -9.500332e+12 -1.904425e+14 -1.021151e+17 -4.840224e+18   
Q20-118   +4.999370e+01   +5.529115e-07 -5.912563e-02 -9.462106e-04 -3.212803e-02 -5.018546e-01 +2.323491e+03 -1.587976e+03 +9.781554e+04 +1.755618e+07 -2.297501e+11 +3.388283e+10 +8.677301e+11 -2.778926e+14 +4.635626e+18 +5.949802e+17   +3.728270e-07 -2.110914e-05 -1.226363e-03 +2.060644e-02 +1.755500e+00 -1.177868e+02 +1.739113e+03 -1.963819e+04 -8.069677e+06 +1.688776e+09 -6.818839e+10 -3.113720e+12 +2.672773e+14 +4.583836e+16 +2.065492e+18   
Q20-120   +4.999295e+01   +2.600069e-07 -5.909633e-02 -8.941919e-04 -7.592805e-03 -7.846678e-01 +2.245713e+03 +2.285380e+03 -1.069310e+05 +3.182633e+07 -2.277819e+11 -2.097226e+11 +9.941606e+12 -1.218487e+15 +4.606938e+18 +9.437287e+18   +9.288574e-08 -1.738971e-05 -7.407927e-04 +3.349896e-03 +1.217788e+00 -2.094185e+02 +1.514016e+03 -8.084402e+03 +9.373598e+05 +3.308937e+09 -1.101550e+11 -7.821907e+12 -5.526259e+13 +4.964234e+16 +1.797591e+18   
Q20-121   +4.999400e+01   -5.599154e-08 -5.912540e-02 -1.183802e-03 -5.639391e-02 -1.034539e+00 +2.251154e+03 +3.455181e+03 +1.877191e+05 +1.333610e+06 -2.305319e+11 -7.444063e+10 -2.404068e+12 -1.236602e+14 +4.663246e+18 +4.963706e+18   +5.449140e-07 -1.955960e-05 -4.678259e-04 +5.564376e-03 +1.613787e+00 -2.694653e+02 +2.704215e+03 +1.606128e+05 -3.396856e+06 +8.134510e+09 +1.960874e+10 -8.197000e+12 +2.874163e+14 -1.637106e+17 -1.943837e+18   
Q20-123   +4.999475e+01   +6.709871e-07 -5.910543e-02 -8.428067e-04 -2.180527e-02 -4.578053e-01 +2.307888e+03 -9.744479e+02 -5.198842e+04 +2.664692e+07 -2.302988e+11 +3.335660e+10 -4.734441e+11 -5.726603e+14 +4.677977e+18 -9.937739e+17   +2.426463e-07 -1.472433e-05 -1.034956e-03 +1.113046e-02 +1.600229e+00 -1.391455e+02 +2.076276e+03 +2.863473e+05 -1.715610e+07 +2.918056e+09 -1.720921e+10 -1.514367e+13 +8.488719e+14 -5.153689e+16 -1.902799e+18   
Q20-129   +4.999440e+01   +6.298071e-07 -5.913424e-02 -2.625522e-04 -7.163302e-02 +1.735068e-02 +2.330605e+03 -2.273269e+03 +1.954324e+05 +1.234601e+07 -2.318060e+11 +3.856870e+10 -3.670059e+12 -5.876310e+14 +4.732752e+18 +1.069987e+18   +9.098747e-08 +1.344392e-05 -1.286546e-03 +1.359077e-02 +1.097195e+00 -1.768196e+02 +1.841826e+03 +2.083293e+05 -9.795599e+06 +5.202835e+09 -7.755047e+10 -1.184748e+13 -1.042690e+14 -7.825432e+16 +1.176494e+18   
Q20-131   +4.999410e+01   +5.208639e-07 -5.914234e-02 -6.950764e-04 -2.082542e-02 -5.738829e-01 +2.263401e+03 +7.980770e+02 -2.889331e+04 +1.168941e+07 -2.279071e+11 -2.498095e+10 -2.370752e+12 +1.865488e+14 +4.625756e+18 +7.885036e+17   +2.156754e-07 +2.361661e-05 -8.000874e-04 +1.308633e-02 +1.199749e+00 -2.695388e+02 -6.914416e+02 +6.556874e+04 +3.173801e+06 +8.327925e+09 +8.863484e+10 -6.075055e+12 -2.201284e+14 -1.086052e+17 -2.698872e+18   
Q20-132   +4.999385e+01   +2.499023e-07 -5.914766e-02 +2.436494e-04 -5.372241e-02 +8.745446e-02 +2.274846e+03 -3.675546e+03 +1.788788e+05 +2.774767e+07 -2.315909e+11 +4.363717e+10 -3.526782e+12 -5.703726e+14 +4.753221e+18 -8.976046e+17   -6.420244e-08 -2.814024e-06 -8.933813e-06 -4.280957e-03 +1.008625e+00 -1.850710e+02 -4.406918e+03 +1.138989e+04 -6.317319e+05 +4.115660e+09 +4.231696e+10 -2.550536e+12 -6.831738e+13 -7.692004e+16 +2.911276e+18   
Q20-133   +4.999410e+01   +8.176215e-07 -5.914242e-02 -2.418327e-04 -1.181357e-02 -3.689191e-02 +2.329953e+03 -3.300003e+03 -6.521023e+04 +2.704415e+07 -2.305304e+11 +1.196608e+11 +1.499276e+12 -9.323918e+14 +4.655375e+18 +1.247663e+17   -1.449358e-07 +5.639611e-06 +7.680306e-04 +3.101226e-02 +1.095754e-01 -1.845055e+02 -1.897144e+03 -2.577644e+04 -5.828318e+06 +4.090713e+09 +3.906287e+10 -7.095511e+12 -4.975277e+13 -3.519759e+16 -2.578990e+16   
Q20-137   +4.999515e+01   +9.175718e-07 -5.910633e-02 -3.967361e-04 -3.674466e-02 +2.677588e-01 +2.343637e+03 +4.328810e+02 +2.930618e+04 +1.674585e+07 -2.301687e+11 -1.334016e+11 +3.359568e+12 -6.064740e+14 +4.608613e+18 +7.890221e+18   +4.830855e-08 +6.190652e-06 -9.460306e-04 +2.473906e-02 +1.627975e+00 -2.052795e+02 +2.239427e+03 -5.622959e+04 -1.417125e+07 +5.776410e+09 -7.610862e+10 -5.571964e+12 +5.171006e+14 -1.045831e+17 +3.867609e+18   
Q20-141   +4.999435e+01   +8.266992e-08 -5.915967e-02 -1.518482e-03 -1.290443e-02 -2.872783e+00 +2.288307e+03 +1.395029e-01 +1.054550e+05 +2.247772e+07 -2.305459e+11 -1.032744e+10 -1.360689e+12 -3.503784e+14 +4.653874e+18 -1.594323e+17   +2.109302e-07 +2.180942e-05 -5.223020e-04 +1.993574e-02 +3.946870e-01 -2.614169e+02 +1.129265e+03 +5.965902e+04 +5.593860e+05 +9.074635e+09 -8.392054e+09 -6.084116e+12 -2.678069e+14 -2.105606e+17 -5.144879e+17   
Q20-145   +4.999280e+01   +5.157193e-07 -5.912707e-02 -9.970400e-04 -8.726419e-02 -5.675399e-02 +2.223924e+03 -9.930696e+02 +1.402801e+05 +1.710264e+07 -2.294850e+11 +4.770601e+10 +6.015370e+11 -4.182492e+14 +4.599764e+18 -8.837873e+17   +3.829347e-07 -1.551673e-05 -1.729563e-03 +1.294752e-02 +1.533360e+00 -2.286105e+02 +2.031573e+03 -4.939887e+04 +1.587823e+06 +6.355721e+09 +3.542778e+10 -1.820156e+12 -3.692666e+14 -8.151348e+16 -1.544869e+18   
Q20-146   +4.999535e+01   +5.208448e-07 -5.911444e-02 -1.493883e-03 -5.866868e-02 -1.665364e+00 +2.243285e+03 +2.719615e+02 -2.287749e+03 +2.797726e+07 -2.301464e+11 +1.229826e+10 +2.761613e+12 -6.124788e+14 +4.654671e+18 -1.885146e+18   +2.458875e-08 -1.963614e-05 -9.407463e-04 +5.062677e-02 +1.392348e+00 -1.572977e+02 +4.553926e+02 -2.957975e+04 -1.422336e+06 +1.950199e+09 +4.270017e+09 -1.186970e+13 +2.702027e+14 +2.083648e+16 -3.984105e+18   
Q20-147   +4.999495e+01   +7.239729e-07 -5.912689e-02 -1.293099e-03 -1.123467e-01 -5.080315e-02 +2.317456e+03 -3.804260e+03 +1.278773e+05 +5.230046e+06 -2.300442e+11 +1.713420e+11 +3.142391e+11 -2.207203e+14 +4.669114e+18 -3.533255e+18   +1.491843e-07 -1.334726e-05 -1.085623e-03 +2.648389e-02 +1.595008e+00 -1.628127e+02 -1.855331e+02 -8.220398e+04 -1.045847e+07 +3.009180e+09 -5.178583e+10 -6.307985e+12 -5.348454e+13 +3.082189e+16 +1.815091e+18   
Q20-152   +4.999510e+01   +5.937376e-07 -5.910027e-02 -1.021168e-03 -1.152247e-01 -9.876182e-01 +2.283742e+03 -8.252549e+02 +2.134251e+05 +1.892093e+07 -2.300553e+11 +5.905775e+09 -1.212445e+12 -4.147014e+14 +4.616098e+18 +1.434073e+18   -2.371988e-07 -4.914058e-06 -5.955902e-04 +2.217005e-02 +9.632054e-01 -1.538064e+02 +7.365134e+02 +4.143598e+04 -3.034525e+06 +2.193205e+09 -2.777568e+10 -6.184706e+12 +8.683613e+13 +1.434510e+16 +3.026945e+18   
Q20-155   +4.999545e+01   +7.608112e-07 -5.908632e-02 -1.494097e-03 -3.686968e-03 -1.278122e+00 +2.234147e+03 +6.165669e+02 -1.449855e+05 +2.735083e+07 -2.323357e+11 -6.075907e+10 +1.178566e+12 -9.286001e+14 +4.699292e+18 +1.610480e+18   +3.566701e-07 +6.694533e-06 -6.291995e-04 +1.077803e-02 +4.177442e-01 -1.826123e+02 -1.193420e+02 +4.816140e+04 +1.147827e+07 +3.953422e+09 -2.122995e+10 -6.020818e+12 -3.484713e+14 -1.450419e+16 -1.576763e+18   
Q20-168   +4.999440e+01   +4.824800e-07 -5.908246e-02 -1.370764e-03 -6.723859e-02 -7.226393e-01 +2.156247e+03 -1.390508e+03 +8.625112e+04 +1.013556e+07 -2.265552e+11 +7.579257e+10 +1.216458e+12 -4.125390e+14 +4.535106e+18 -1.945446e+18   +1.911883e-07 -1.947409e-05 +8.514006e-05 -3.969585e-03 -8.126294e-01 -1.886284e+02 +2.514586e+02 +9.261631e+04 +1.626298e+07 +3.075342e+09 +5.123522e+08 -1.044634e+12 -4.284278e+14 +5.949708e+16 +1.533242e+18   
Q20-169   +4.999445e+01   +6.862456e-07 -5.908946e-02 -1.317993e-03 -2.667490e-02 -1.146332e+00 +2.164440e+03 +1.575078e+02 -7.122267e+04 +1.572128e+07 -2.278133e+11 -2.863428e+10 +2.516535e+12 -2.714087e+14 +4.559686e+18 +1.158460e+18   -9.216119e-08 -9.685273e-06 -5.547440e-04 +2.998823e-02 +1.333974e+00 -1.754198e+02 +1.018817e+03 +1.445804e+05 -4.727969e+06 +2.673117e+09 -6.645626e+09 -1.426758e+13 -1.091482e+13 +6.469882e+16 +1.212907e+18   
Q20-172   +4.999230e+01   +2.116718e-07 -5.910868e-02 -1.162214e-03 -2.852019e-03 -1.448573e+00 +2.224625e+03 -1.801637e+03 -9.014764e+04 +1.070756e+07 -2.293865e+11 -2.850289e+10 +1.732364e+12 -7.078698e+13 +4.616073e+18 +1.223514e+18   -6.433737e-07 -2.092716e-05 +8.043311e-04 +2.617735e-02 -5.504590e-01 -1.405981e+02 -2.043001e+03 +1.459181e+04 -1.018846e+07 +1.295000e+09 +6.953765e+09 -1.227923e+13 +4.321454e+14 +6.951545e+16 +6.198719e+17   
Q20-173   +4.999565e+01   +8.666558e-07 -5.905366e-02 -2.016367e-04 -5.117745e-02 -4.445993e-01 +2.200911e+03 +3.635064e+02 -6.423657e+04 +2.370612e+07 -2.282271e+11 -1.551667e+11 -3.337408e+12 -5.231327e+14 +4.454832e+18 +6.135020e+18   -2.441266e-07 -1.499418e-05 -2.592262e-05 -2.821811e-03 +2.999249e-01 -1.851959e+02 -2.061813e+02 +2.110462e+05 -8.549466e+06 +3.331768e+09 +4.818029e+10 -1.226135e+13 +2.103497e+14 -1.803809e+16 -5.030672e+18   
Q20-174   +4.999255e+01   -1.345392e-07 -5.913431e-02 -5.831151e-04 -3.134419e-02 +1.553410e-01 +2.214948e+03 -1.541977e+03 +2.305147e+04 -7.957922e+06 -2.294334e+11 -2.313869e+09 -2.153915e+11 +9.334637e+12 +4.591314e+18 +6.706927e+17   +1.305551e-07 -1.162719e-05 +9.918248e-05 +2.273729e-02 -3.080023e-01 -1.283695e+02 -9.381210e+02 +7.735701e+04 +3.329262e+06 +2.678795e+09 +6.590382e+10 -1.029650e+13 -1.737151e+14 +4.914786e+15 -3.183170e+18   
Q20-175   +4.999485e+01   -2.786005e-08 -5.911257e-02 -2.167243e-03 -1.774411e-02 -1.612075e+00 +2.207703e+03 +1.498438e+03 -1.008782e+05 +4.505436e+06 -2.301223e+11 -4.184777e+10 +5.615702e+12 +1.149179e+13 +4.627231e+18 +6.481862e+17   -3.064676e-07 +4.136760e-06 +7.606934e-04 +1.065412e-02 -1.288924e+00 -9.302164e+01 -2.692655e+03 +6.183825e+04 +6.185523e+06 +9.769994e+08 +9.749542e+10 -7.340672e+12 -3.251815e+14 +3.699219e+16 -1.153134e+18   
Q20-177   +4.999560e+01   +2.980278e-07 -5.912216e-02 -4.351225e-04 -1.036692e-01 -1.046110e+00 +2.236559e+03 -3.582343e+03 +3.428198e+05 +1.609641e+07 -2.306187e+11 -7.397847e+10 -1.123951e+13 -4.231348e+14 +4.645675e+18 +4.194411e+18   +3.562694e-07 +2.367536e-06 -1.232098e-03 +2.342552e-02 +6.425971e-01 -1.491785e+02 +4.098081e+03 -9.662408e+04 +2.158986e+06 +1.203276e+09 -1.742095e+11 +1.298020e+13 -4.123705e+13 +6.306329e+16 +3.784081e+18   
Q20-179   +4.999560e+01   +6.963131e-07 -5.911176e-02 -9.179728e-04 +1.198296e-02 -7.497254e-01 +2.151767e+03 -4.580623e+02 -2.251480e+05 +2.482963e+07 -2.313834e+11 +8.903568e+08 +7.785965e+12 -7.680192e+14 +4.696047e+18 +1.417001e+18   +1.444450e-07 -1.146851e-05 -1.076784e-03 +8.990127e-03 +7.842666e-01 -1.777197e+02 +2.415533e+03 +2.299864e+05 -1.260086e+07 +3.943401e+09 -1.327235e+09 -9.932984e+12 +4.072810e+14 -3.796736e+16 +2.065602e+18   
