# multipoles are divided by excitation current and units are [T], [m] and [A]
# harmonics (dipole n=0): 00 01 02 03 04 05 06 07 08 09 10 11 12 13 14 
# MAG_LABEL   CURRENT[A]   <NORMAL_MULTIPOLES/CURRENT>[T/m^(n-1)/A]   <SKEW_MULTIPOLES/CURRENT>[T/m^(n-1)/A]
Q20-005   +1.299962e+02   -3.895719e-07 -5.884172e-02 -1.811252e-04 -7.102558e-02 -1.499623e-01 +2.180047e+03 -1.711614e+03 +2.128647e+05 -2.889422e+07 -2.315552e+11 -6.981725e+08 -1.363961e+12 +8.097152e+14 +4.683292e+18 +4.825992e+17   -9.679183e-08 -1.209273e-05 +2.642330e-04 +1.205574e-02 -6.190965e-01 -1.471343e+02 +1.004239e+03 -1.122203e+05 +9.690222e+06 +2.275112e+09 -5.740239e+10 -5.093471e+12 -1.925614e+14 -2.773947e+16 +2.590733e+18   
Q20-007   +1.299983e+02   +3.856294e-07 -5.886032e-02 -1.341277e-03 -8.123645e-02 -7.982043e-01 +2.358219e+03 +5.827456e+02 +2.115129e+05 +2.018786e+07 -2.310958e+11 +1.477240e+11 +3.721679e+12 -4.788169e+14 +4.670807e+18 +7.398254e+17   +2.463195e-07 -6.770262e-06 -4.602009e-04 +2.006840e-02 -1.930498e-01 -1.858911e+02 +1.613083e+03 +1.342358e+05 +1.751599e+07 +4.338992e+09 +4.542774e+09 -6.867617e+12 +3.799195e+14 -3.646469e+16 +2.876515e+17   
Q20-009   +1.299964e+02   +2.308584e-07 -5.881708e-02 -6.874917e-04 -1.102631e-01 -5.885118e-01 +2.391650e+03 -9.584819e+02 +2.546254e+05 +1.092454e+07 -2.320605e+11 -2.343086e+10 -2.555989e+12 -3.064242e+14 +4.713227e+18 +1.151371e+18   +1.200777e-07 -1.109251e-05 -2.010979e-04 +1.282649e-02 +2.748845e-01 -1.984554e+02 -1.115103e+03 +8.126510e+04 +4.380975e+06 +4.509712e+09 +8.122233e+09 -8.650832e+12 -2.432838e+13 -8.204189e+16 +1.542257e+18   
Q20-010   +1.299951e+02   +6.428861e-07 -5.881536e-02 -1.242496e-04 -1.002334e-01 -3.229489e-01 +2.376578e+03 -4.292064e+03 +1.157345e+05 +1.012290e+07 -2.320962e+11 +1.064091e+11 -1.399514e+12 -2.176830e+14 +4.717454e+18 -3.724525e+18   -2.001760e-07 -4.215944e-06 -2.366505e-04 +1.607464e-02 +1.167797e+00 -2.482154e+02 -1.094874e+03 +4.711893e+04 -3.401309e+06 +4.856618e+09 -3.806526e+10 -1.980443e+12 -5.246225e+13 -1.308917e+17 +6.989778e+17   
Q20-011   +1.299956e+02   -1.440086e-08 -5.878554e-02 -1.091279e-03 -7.755162e-02 -8.251856e-01 +2.435856e+03 -2.291838e+03 +1.608711e+05 -1.857078e+06 -2.312718e+11 +4.307512e+10 -2.313131e+12 +1.228599e+14 +4.687122e+18 +7.754470e+17   +4.731664e-07 -3.839445e-06 -1.323276e-03 -7.043992e-03 +1.321452e+00 -1.985844e+02 +1.711602e+03 +4.357197e+04 +4.031391e+06 +4.344853e+09 -4.765347e+09 -3.081191e+12 -3.472436e+14 -9.231166e+16 +7.122894e+17   
Q20-012   +1.299959e+02   +2.450734e-07 -5.882749e-02 -1.378508e-03 -1.186172e-01 -8.290800e-01 +2.370143e+03 +1.633242e+02 +3.726044e+05 +2.429529e+07 -2.310383e+11 +4.326126e+10 -9.541939e+12 -7.856594e+14 +4.674514e+18 -2.123558e+18   +1.552589e-07 -2.813860e-05 -5.939183e-04 +4.285897e-03 +9.826733e-01 -2.361148e+02 -6.618464e+01 -4.480271e+04 +9.143365e+06 +5.419723e+09 -5.165641e+09 -7.743460e+12 -4.522663e+14 -1.054728e+17 -1.205716e+18   
Q20-013   +1.299957e+02   +2.431051e-07 -5.880254e-02 -1.067679e-03 -7.278765e-02 -8.777183e-02 +2.357339e+03 -5.971983e+02 +4.756878e+04 +1.546464e+07 -2.320870e+11 -9.156934e+09 -4.471254e+11 -4.933347e+14 +4.732593e+18 +3.086652e+18   +4.480445e-07 -1.930187e-05 -1.101121e-03 +3.103057e-02 +2.491162e-01 -3.285377e+02 +1.453286e+03 -5.562422e+04 +7.813451e+06 +6.712308e+09 -3.689407e+10 -6.956522e+12 -3.710306e+14 -1.868546e+17 +9.110347e+17   
Q20-014   +1.299957e+02   +6.766637e-07 -5.878704e-02 +1.197891e-03 -6.844887e-02 +1.687385e+00 +2.325898e+03 -8.471580e+03 +1.478634e+05 +1.837497e+06 -2.327957e+11 +9.707067e+10 -2.869743e+12 -3.421794e+14 +4.689025e+18 +1.692754e+18   +2.534664e-08 -2.647490e-05 -1.581622e-04 +4.203191e-02 -4.635904e-01 -2.311836e+02 -1.056004e+03 +9.300546e+04 +5.418505e+06 +3.791558e+09 +7.461735e+10 -6.942828e+12 -2.815332e+14 -1.200686e+17 +1.979495e+17   
Q20-015   +1.299957e+02   +6.809757e-08 -5.879560e-02 -1.995371e-03 -9.616903e-02 -8.023965e-01 +2.382907e+03 +3.807964e+03 +1.492209e+04 +1.657738e+07 -2.338150e+11 -3.113921e+10 +1.324942e+12 -4.906602e+14 +4.756299e+18 +2.521782e+17   +1.279046e-07 -4.418239e-06 -7.152499e-04 +7.281364e-03 +1.888577e-01 -3.423689e+02 +5.569177e+02 +9.415811e+04 +5.371168e+06 +5.708763e+09 +4.521029e+10 -7.615623e+12 -3.847515e+14 -1.099989e+17 -1.193121e+18   
Q20-016   +1.299980e+02   -1.368870e-07 -5.880249e-02 -2.045412e-03 -5.856909e-02 -4.345358e-01 +2.401318e+03 -1.120754e+03 +1.668515e+05 -6.455889e+06 -2.332490e+11 +8.300589e+10 -4.387013e+12 +1.784957e+14 +4.762550e+18 -1.770208e+18   +5.838388e-07 -1.856060e-05 -1.409536e-03 +1.145967e-02 +1.090428e+00 -3.225621e+02 +1.570976e+03 +2.576746e+05 -9.748050e+06 +5.920866e+09 +5.656305e+10 -7.464345e+12 +2.346427e+14 -1.194279e+17 -1.703501e+18   
Q20-021   +1.299977e+02   +1.006519e-06 -5.878399e-02 -1.025009e-04 -9.234356e-02 -4.052965e-01 +2.321777e+03 -1.613152e+03 +3.278772e+05 +4.693218e+07 -2.313278e+11 -1.045669e+10 -7.734952e+12 -1.443832e+15 +4.689768e+18 +1.986966e+18   +7.564415e-07 +2.421419e-06 -2.007347e-03 +2.987853e-02 +1.901429e+00 -3.322753e+02 +3.191716e+03 -1.304089e+05 +9.365266e+06 +7.487919e+09 -1.377171e+11 -5.646203e+12 -6.094533e+14 -2.232493e+17 +5.895052e+18   
Q20-022   +1.299955e+02   +4.905001e-07 -5.874046e-02 +1.348883e-04 -9.314984e-02 +8.521595e-01 +2.280318e+03 -2.908481e+03 +5.765968e+04 -6.861819e+06 -2.300897e+11 +4.507165e+10 +5.594772e+12 +1.054013e+14 +4.632543e+18 +1.179102e+18   +2.383359e-07 -1.069087e-05 -5.144749e-04 +2.560092e-03 +5.196659e-01 -2.803558e+02 +2.597164e+03 +1.435718e+05 -3.319146e+06 +4.629327e+09 -9.942652e+09 -1.198862e+13 +1.669429e+14 -5.947738e+16 +2.312722e+18   
Q20-023   +1.299958e+02   +1.222559e-07 -5.876918e-02 -1.465453e-03 -5.180115e-02 -1.120855e-01 +2.399763e+03 -9.384342e+02 -8.245474e+04 +4.105881e+06 -2.329950e+11 +7.178303e+10 -3.023016e+12 -2.683921e+14 +4.778837e+18 -9.506638e+17   +4.777581e-07 -1.025922e-05 -1.179678e-03 +3.192132e-02 +1.563471e+00 -3.383791e+02 +2.730932e+03 -4.145584e+04 +5.809057e+06 +5.526120e+09 -2.949428e+10 -1.763079e+12 -3.557450e+14 -5.110614e+16 +1.389815e+17   
Q20-026   +1.299964e+02   +8.822298e-08 -5.878059e-02 -2.546547e-03 -3.495521e-02 -2.318143e+00 +2.387325e+03 +1.583994e+03 +1.411405e+05 +3.221556e+07 -2.323961e+11 +1.181604e+10 -1.666309e+12 -9.221309e+14 +4.674513e+18 +4.526722e+17   +4.903490e-07 -1.998863e-05 -7.546289e-04 +7.540107e-03 +4.228778e-02 -1.837219e+02 +1.444361e+03 -1.958202e+03 +2.061742e+07 +3.244903e+09 +5.525781e+10 -1.188501e+12 -6.655110e+14 -2.992398e+16 -1.854007e+18   
Q20-027   +1.299967e+02   +5.421808e-07 -5.882175e-02 -9.525857e-04 -7.418114e-02 -2.831343e-01 +2.357608e+03 -2.133155e+03 +9.056607e+04 +1.710197e+07 -2.308963e+11 +3.664327e+10 -3.875393e+12 -3.857813e+14 +4.694185e+18 -9.688700e+17   +5.868036e-08 -1.930128e-05 +6.317529e-05 +1.325863e-02 +1.933854e-01 -2.137245e+02 -1.714410e+02 +1.695385e+05 +9.850681e+06 +5.822851e+09 -2.821635e+10 -6.910317e+12 -2.339939e+14 -1.873463e+17 +2.195356e+17   
Q20-028   +1.299963e+02   -9.794694e-08 -5.879420e-02 -1.863184e-03 -7.989689e-02 -1.216168e+00 +2.343252e+03 -1.963837e+02 +3.175147e+04 +2.798317e+07 -2.304002e+11 +5.943586e+10 -1.781152e+10 -9.399644e+14 +4.659534e+18 -3.288230e+18   +3.875023e-07 -1.602856e-05 -8.857306e-04 +2.052557e-02 +5.081532e-01 -1.995592e+02 +5.365187e+02 +7.037391e+04 +2.176029e+07 +3.088389e+09 -2.048764e+09 -8.833067e+12 -3.268653e+14 -2.460055e+16 +3.349031e+17   
Q20-033   +1.299963e+02   +5.895999e-07 -5.878737e-02 -9.808348e-04 -7.627674e-02 -8.837682e-01 +2.388533e+03 -2.944749e+03 +1.197893e+05 +2.077317e+07 -2.322281e+11 +1.040803e+11 -7.033611e+11 -3.520754e+14 +4.729595e+18 -7.849570e+17   +3.380805e-07 -1.448227e-05 -6.419121e-04 +2.141292e-02 +9.795540e-01 -1.762203e+02 -1.333526e+03 -1.266657e+05 +1.118035e+07 +3.266660e+09 +1.428196e+10 -4.895504e+12 -1.485225e+14 -4.954138e+16 -1.490093e+18   
Q20-034   +1.299957e+02   +3.449216e-07 -5.868999e-02 -5.303745e-04 -8.108930e-02 -7.657277e-01 +2.369905e+03 -2.705611e+03 +1.636754e+05 +7.698132e+06 -2.329350e+11 -1.134290e+10 +1.704663e+11 -1.948211e+14 +4.679263e+18 +8.755874e+17   +1.230904e-06 -2.039723e-05 -5.542042e-03 +1.300739e-02 +4.296021e+00 -2.700532e+02 +1.484329e+04 +6.496782e+04 -1.194428e+07 +1.152878e+09 -2.270411e+11 -3.871632e+12 -3.360307e+14 +2.103320e+16 +4.914792e+18   
Q20-035   +1.299963e+02   -3.786313e-09 -5.877499e-02 -3.000865e-03 -6.326939e-02 -1.896462e+00 +2.335413e+03 +3.187613e+03 +1.167537e+05 +2.094620e+07 -2.306016e+11 +2.082498e+10 -8.429478e+12 -5.223610e+14 +4.714294e+18 -2.557594e+18   -1.303667e-07 -1.858420e-05 +8.291551e-04 +2.501913e-02 -3.251532e-01 -1.885247e+02 -1.924708e+03 +2.131700e+05 -3.689112e+06 +5.831529e+09 -6.016427e+10 -1.540850e+13 +2.370607e+14 -1.305839e+17 +2.881827e+18   
Q20-036   +1.299964e+02   +2.426957e-07 -5.884847e-02 -1.509210e-03 -7.624726e-02 -1.207237e+00 +2.294989e+03 +1.278898e+03 +1.653685e+05 +1.318677e+07 -2.300144e+11 -2.611084e+10 -2.287890e+12 -6.131861e+14 +4.667528e+18 +1.556536e+18   +7.751461e-07 -2.158094e-05 -1.584775e-03 +2.723505e-02 +9.182662e-02 -2.030485e+02 +2.878879e+03 +1.043440e+05 +2.237685e+07 +5.762897e+09 +9.479355e+09 -1.326783e+13 -7.692440e+14 -7.803685e+16 -5.386361e+17   
Q20-038   +1.299955e+02   +5.958149e-07 -5.883516e-02 -1.130229e-03 -8.651884e-02 -6.117115e-01 +2.383091e+03 -3.145330e+03 -1.252345e+04 +1.254109e+07 -2.332847e+11 +3.722137e+10 -3.831646e+12 -5.896318e+14 +4.721095e+18 +2.224382e+18   +3.025105e-07 -2.226016e-05 -3.113867e-04 +3.320283e-02 -3.145580e-02 -2.815438e+02 +7.803570e+02 -5.727811e+04 +7.442653e+06 +2.990906e+09 -4.007653e+10 -3.312903e+12 -3.757046e+14 -2.093687e+16 +7.300838e+18   
Q20-039   +1.299957e+02   +8.784552e-07 -5.881725e-02 -7.141175e-04 -4.533200e-02 +5.452837e-02 +2.365699e+03 -2.861135e+03 -1.431715e+05 +2.173631e+07 -2.324415e+11 +1.945820e+10 +1.386441e+12 -9.010660e+14 +4.734689e+18 +8.716927e+17   +1.675922e-07 -7.620539e-06 -4.561863e-04 +2.951961e-02 +3.501012e-01 -2.060637e+02 +2.368406e+02 +9.964007e+04 +1.765164e+07 +2.007110e+09 -3.730650e+10 -1.027676e+13 -7.659670e+14 +1.420830e+16 +2.964479e+18   
Q20-041   +1.299967e+02   +5.268536e-07 -5.879137e-02 -1.424642e-03 -6.118746e-02 -4.644139e-01 +2.287722e+03 +1.653912e+03 +2.732793e+05 +3.675571e+07 -2.292123e+11 +1.620012e+10 -6.767148e+12 -1.121660e+15 +4.636583e+18 -1.522280e+18   +5.054275e-07 -1.651144e-06 -1.015323e-03 +1.226319e-02 +1.180194e+00 -2.672449e+02 +1.889404e+03 +3.783731e+04 +1.355211e+07 +6.261905e+09 +1.305127e+10 -7.438002e+12 -3.995558e+14 -1.688272e+17 +4.935000e+17   
Q20-044   +1.299956e+02   +3.654981e-07 -5.874603e-02 -2.450682e-03 -9.774008e-02 -1.541639e+00 +2.403447e+03 +2.094281e+03 +4.148267e+05 +1.342235e+07 -2.333649e+11 -3.618295e+10 -9.548839e+12 -5.313260e+13 +4.746201e+18 +2.991759e+18   +1.078964e-06 -1.538800e-05 -3.660839e-03 +1.748364e-03 +3.077629e+00 -2.836384e+02 +9.828448e+03 +3.224728e+04 -4.881992e+06 +5.097844e+09 -1.465003e+11 -6.287230e+12 -5.826176e+14 -1.198237e+17 +2.965708e+18   
Q20-045   +1.299965e+02   +7.577966e-07 -5.870426e-02 -1.007798e-03 -5.793608e-02 -4.592807e-01 +2.397488e+03 -1.237596e+02 +1.972788e+04 +1.463562e+07 -2.317853e+11 +7.570955e+10 +2.220624e+12 -1.320099e+14 +4.728431e+18 -3.102775e+18   +4.427141e-07 -8.045332e-06 -1.206932e-03 +3.441414e-02 +1.120687e+00 -2.423889e+02 +2.125726e+03 +2.845132e+05 -2.025398e+05 +5.846981e+09 -1.071887e+10 -2.056561e+13 -4.797071e+13 -1.260055e+17 +1.395653e+18   
Q20-048   +1.299961e+02   +7.396408e-07 -5.864022e-02 +1.036944e-03 -2.204310e-02 +1.587770e+00 +2.332432e+03 -3.876266e+03 -7.232387e+04 +6.646841e+06 -2.288075e+11 +2.129328e+10 +5.640946e+12 -1.735875e+14 +4.601535e+18 +2.708543e+18   -2.251838e-07 -9.660728e-06 +1.603404e-03 +2.879084e-03 -1.871088e+00 -9.998831e+01 -2.027022e+03 +1.735010e+04 +1.770425e+07 +2.106622e+08 -4.399353e+09 -4.097603e+12 -3.755548e+14 +6.840559e+16 +1.508325e+18   
Q20-049   +1.299962e+02   +3.352860e-07 -5.865971e-02 -1.210855e-03 -7.693333e-02 +5.889146e-01 +2.354957e+03 +7.125912e+02 +1.176274e+05 +1.074348e+07 -2.284629e+11 +8.233741e+10 +3.407490e+12 +4.275699e+14 +4.606439e+18 -4.117491e+18   +1.089574e-06 -1.716558e-05 -3.832450e-03 +1.165573e-02 +2.662606e+00 -1.447557e+02 +7.415309e+03 +3.679628e+04 +2.409012e+05 +3.144937e+09 -3.575640e+10 -3.370695e+10 +2.113532e+14 -4.820659e+16 -3.996036e+17   
Q20-051   +1.299965e+02   +5.382800e-07 -5.855058e-02 -9.293727e-04 -4.385226e-02 +3.910775e-01 +2.383003e+03 +1.381263e+03 +5.220981e+04 +2.099843e+07 -2.275492e+11 -5.821788e+09 -9.997931e+11 -8.149527e+14 +4.594634e+18 +5.815379e+17   +4.160260e-07 -1.754769e-05 -7.609821e-04 +6.007524e-03 +8.444666e-01 -1.641286e+02 +1.072003e+03 +1.687944e+05 +8.684657e+06 +3.398365e+09 -3.990763e+10 -8.480267e+12 -6.402535e+14 -5.467663e+14 +1.404633e+18   
Q20-053   +1.299985e+02   +4.918611e-07 -5.863431e-02 -2.165104e-03 -9.012058e-02 -1.896254e-01 +2.333604e+03 +2.055800e+03 +2.548102e+05 +2.220456e+07 -2.277235e+11 -4.507418e+10 -3.310617e+12 -7.789013e+14 +4.624000e+18 -5.404479e+17   -2.277286e-07 -2.079562e-05 +2.958946e-04 +1.424350e-02 +1.132960e+00 -1.638030e+02 -1.507119e+02 +1.360489e+05 -4.329931e+06 +3.942039e+09 -3.844675e+10 -1.110900e+13 +2.062917e+14 -7.556759e+16 +1.217795e+15   
Q20-055   +1.299961e+02   +5.403309e-07 -5.858787e-02 -1.112685e-03 -2.621071e-02 -6.914553e-01 +2.347734e+03 +2.520623e+02 -8.911221e+04 +3.738732e+07 -2.287223e+11 +3.070754e+10 +7.228260e+12 -1.184485e+15 +4.648070e+18 -1.513481e+18   -2.533250e-08 -1.339849e-05 +5.062493e-04 -5.649670e-04 -3.819318e-02 -1.718955e+02 -3.440200e+03 +2.056630e+04 -2.654877e+06 +4.226495e+09 +2.533654e+10 -1.461525e+12 -7.702354e+13 -3.911158e+16 -5.867410e+17   
Q20-057   +1.299968e+02   +5.085307e-07 -5.857334e-02 -1.427513e-03 -6.188913e-02 -1.219535e+00 +2.362065e+03 +2.893637e+02 +9.000352e+04 +2.961481e+07 -2.288350e+11 -2.843708e+10 +1.199395e+12 -8.445139e+14 +4.632764e+18 +2.261600e+18   +4.159125e-07 -9.851089e-06 -4.278236e-04 +7.380987e-03 +1.211401e+00 -1.133199e+02 -6.886269e+02 +2.124353e+05 +6.541448e+06 +9.118271e+08 +1.140258e+10 -1.299930e+13 -3.774520e+14 +8.055091e+16 -5.087121e+16   
Q20-061   +1.299956e+02   +5.385555e-07 -5.868422e-02 +2.272055e-04 -5.755742e-02 +9.170687e-01 +2.371587e+03 -2.908816e+03 +9.316854e+02 +1.490856e+07 -2.302904e+11 -3.083821e+10 +2.275944e+12 -5.909013e+14 +4.684432e+18 +3.313198e+18   +3.395933e-07 +1.538184e-05 -1.433560e-03 +2.088567e-04 +5.628857e-01 -2.830992e+02 +2.406428e+03 +1.916058e+04 +7.712969e+06 +8.106028e+09 -8.006294e+10 -5.958184e+12 -1.866858e+14 -1.138639e+17 +2.300118e+18   
Q20-063   +1.299957e+02   +6.353893e-08 -5.862751e-02 -6.065358e-04 -5.833776e-02 +3.561199e-01 +2.295894e+03 -2.288610e+03 +1.247425e+03 -6.523702e+06 -2.255614e+11 +1.167707e+11 +3.420254e+12 -1.525242e+13 +4.569923e+18 -1.519646e+18   +3.148064e-07 -9.597956e-06 -1.284688e-03 +6.594517e-03 +1.359088e+00 -2.032688e+02 +1.905069e+03 +1.832300e+05 +1.784938e+07 +2.329132e+09 -1.947777e+10 -9.868557e+12 -8.266297e+14 +9.168188e+16 +1.077087e+18   
Q20-065   +1.299961e+02   +1.782437e-07 -5.865614e-02 -2.381263e-03 -4.698699e-02 -1.621600e+00 +2.362562e+03 +3.294047e+03 +2.830793e+04 +9.690445e+06 -2.271018e+11 -6.784862e+10 +2.416587e+11 -3.142454e+14 +4.598776e+18 +3.492919e+18   +1.054056e-07 -1.768059e-05 -1.634926e-05 +1.261521e-02 +6.526230e-02 -1.909923e+02 +2.173598e+02 -3.307818e+04 +1.290046e+07 +2.931073e+09 -9.015870e+09 -7.448277e+11 -2.920705e+14 +4.282732e+16 +2.775319e+17   
Q20-066   +1.299947e+02   +8.589050e-07 -5.870430e-02 -4.329272e-04 -1.950690e-02 +2.142817e-02 +2.325183e+03 +1.734120e+03 -3.747542e+04 +2.574811e+07 -2.286040e+11 -1.028296e+10 -5.354734e+11 -8.603535e+14 +4.618593e+18 -1.254450e+18   -3.743887e-07 -1.210352e-05 +2.502144e-03 +1.822101e-02 -1.388588e+00 -2.097754e+02 -9.118633e+03 +2.928049e+05 +1.973359e+06 +4.808943e+09 +1.011352e+11 -8.717140e+12 +1.096462e+13 -7.543661e+15 -1.192733e+17   
Q20-068   +1.299962e+02   +5.005505e-07 -5.867610e-02 -1.299702e-03 -4.230797e-02 +5.656099e-01 +2.375133e+03 -5.092672e+02 +5.071344e+04 +1.540897e+07 -2.282819e+11 +1.005599e+11 +2.473930e+12 -3.852969e+14 +4.628315e+18 -1.113987e+18   +2.130461e-07 -1.799546e-05 -2.551061e-04 +6.907806e-03 -5.566757e-02 -2.645060e+02 +5.630068e+02 +1.921324e+05 +9.823979e+06 +6.803539e+09 -1.558429e+10 -1.188857e+13 -6.044408e+14 -1.087486e+17 +3.172725e+18   
Q20-069   +1.299952e+02   -1.971132e-07 -5.863390e-02 -5.622418e-04 -9.664857e-02 +1.090802e-01 +2.341501e+03 +5.310595e+03 +3.824800e+05 -7.446783e+06 -2.288081e+11 -1.263151e+11 -1.404995e+13 -1.186965e+14 +4.655970e+18 +3.782640e+18   +4.003352e-07 +2.082495e-05 -7.859436e-04 +1.828015e-02 -7.491813e-02 -1.880653e+02 -1.717922e+01 +1.631205e+05 +1.533011e+07 +4.106675e+09 +8.114823e+10 -7.983995e+12 -6.399104e+14 -3.322637e+16 -2.879495e+18   
Q20-071   +1.299955e+02   +6.805891e-07 -5.865815e-02 +1.317985e-04 -8.242739e-02 +2.704084e-01 +2.365502e+03 -2.195638e+03 +1.952816e+05 +1.824072e+07 -2.292392e+11 +6.510689e+10 -4.769441e+12 -7.266993e+14 +4.637757e+18 +2.776381e+17   +3.425649e-07 +5.755929e-06 +8.529464e-04 +8.824044e-03 -2.032877e+00 -1.817245e+02 -2.415311e+03 +1.070805e+05 +2.267346e+07 +3.909545e+09 +1.286991e+11 -7.618524e+12 -3.700680e+14 -2.558638e+16 -2.395677e+18   
Q20-073   +1.299956e+02   +8.627561e-07 -5.865340e-02 -5.935520e-04 -7.416256e-02 +2.395226e-01 +2.374741e+03 -9.362378e+02 +2.020305e+05 +2.511772e+07 -2.312623e+11 -1.544022e+10 -3.623337e+12 -4.219835e+14 +4.760399e+18 +4.453014e+18   +3.362236e-07 +2.655366e-05 -2.308144e-04 +1.409170e-02 -7.029890e-01 -1.960199e+02 +2.850340e+03 -2.428894e+04 +2.419760e+07 +5.752026e+09 -2.827386e+10 -4.199405e+12 -6.512909e+14 -1.191480e+17 +2.621226e+18   
Q20-074   +1.299959e+02   +4.318929e-07 -5.865354e-02 -1.610061e-03 -6.056788e-02 -3.045599e-01 +2.337058e+03 -3.908995e+02 +2.172483e+05 +2.739272e+07 -2.305226e+11 +1.909193e+10 -1.811578e+12 -3.961841e+14 +4.685837e+18 +1.840602e+18   +3.584790e-07 +2.617496e-06 -3.206393e-04 +1.508461e-02 +6.027772e-02 -2.054464e+02 +4.362528e+03 -3.282440e+03 +1.280440e+07 +4.607781e+09 -1.347314e+11 -3.046267e+12 +3.365808e+13 -9.020277e+16 +4.775745e+18   
Q20-076   +1.299951e+02   +6.642950e-07 -5.865169e-02 -1.102063e-03 -3.167050e-02 -1.862343e-01 +2.268341e+03 +3.189344e+01 +4.021525e+04 +1.790267e+07 -2.303431e+11 +3.052340e+10 -1.030737e+12 -4.768404e+13 +4.736348e+18 +9.438033e+17   -1.608151e-08 +2.066337e-05 -6.691201e-04 +3.375780e-02 +3.649438e-01 -2.629147e+02 -3.734243e+01 +3.850966e+05 -2.098323e+07 +8.550376e+09 -6.878394e+10 -1.642288e+13 +3.878258e+13 -2.012431e+17 +4.861992e+18   
Q20-077   +1.299955e+02   +1.311256e-07 -5.862118e-02 -7.556751e-04 -4.890020e-02 -1.220798e+00 +2.327662e+03 -5.385612e+02 +9.233597e+04 +9.799685e+06 -2.307623e+11 +3.369716e+10 -1.699838e+12 -7.781662e+14 +4.690202e+18 +7.450025e+17   +2.220473e-07 -1.156133e-05 -6.640638e-04 +2.009424e-02 +1.002039e+00 -2.104597e+02 +4.956336e+02 -1.099156e+05 +1.358863e+06 +2.698123e+09 +8.319996e+09 -3.500303e+12 -1.086383e+14 -2.955830e+16 -1.366313e+18   
Q20-078   +1.299958e+02   +6.400848e-07 -5.863363e-02 -7.458259e-04 -6.941772e-02 +5.769531e-01 +2.325039e+03 +1.309318e+03 -1.012687e+05 +3.113971e+07 -2.268916e+11 -8.182080e+10 +4.378762e+12 -7.387233e+14 +4.568652e+18 +3.702783e+18   +4.164378e-07 -1.021920e-05 -6.243468e-04 +2.382254e-02 +1.195306e-01 -2.637981e+02 +3.770683e+03 +5.028238e+04 -1.812979e+06 +6.297104e+09 -5.705348e+10 -1.071710e+13 +7.023902e+14 -1.858222e+17 -1.219942e+18   
Q20-080   +1.299957e+02   +7.422620e-07 -5.861807e-02 -1.545828e-04 -7.506065e-02 -1.424894e-01 +2.370661e+03 -8.422063e+02 +2.194921e+05 +1.181166e+07 -2.303994e+11 +3.619064e+10 -5.029823e+12 -8.586499e+14 +4.683894e+18 -4.186695e+17   +1.664431e-08 +9.563724e-06 -8.692449e-04 +7.750064e-03 +1.016667e+00 -1.737377e+02 -4.741751e+00 +1.736022e+05 -5.382953e+06 +4.557024e+09 -1.784101e+09 -1.058330e+13 +1.857335e+14 -6.569378e+16 +1.345433e+17   
Q20-081   +1.299957e+02   +3.815280e-07 -5.863899e-02 -9.532277e-04 -5.669867e-02 -3.761541e-01 +2.296290e+03 -1.797415e+03 +2.833401e+05 +2.013795e+07 -2.301916e+11 +5.481691e+10 -1.131973e+13 -5.055710e+14 +4.735875e+18 +5.152168e+17   +4.557582e-07 +5.136061e-06 -2.124246e-03 +1.766788e-02 +1.671539e+00 -2.188940e+02 +2.454997e+03 +5.202619e+04 -1.002065e+07 +6.293587e+09 -8.301098e+10 -3.878232e+12 +2.313557e+14 -1.394871e+17 +3.841885e+18   
Q20-082   +1.299956e+02   +1.072873e-07 -5.865629e-02 -5.267603e-04 -5.914319e-02 +3.307468e-01 +2.253047e+03 -1.388472e+03 +2.663372e+05 +3.241261e+06 -2.303868e+11 +9.388033e+10 -9.782608e+12 -4.889940e+13 +4.725413e+18 -2.481492e+18   -1.459904e-08 +4.762229e-06 -1.206849e-03 +2.022285e-02 +1.263058e+00 -1.899054e+02 +4.321167e+03 +1.064352e+05 -2.584423e+07 +5.456102e+09 -1.219252e+11 -9.864080e+12 +6.597007e+14 -1.100484e+17 +5.401645e+18   
Q20-083   +1.299941e+02   -3.083008e-08 -5.862656e-02 -1.155242e-03 -7.082235e-02 -4.532163e-01 +2.268548e+03 -2.170235e+02 +1.119145e+05 +9.322638e+06 -2.283908e+11 -5.270100e+08 -2.016354e+12 -1.320698e+13 +4.706240e+18 +7.582140e+17   +3.043882e-07 -2.146744e-05 -1.111401e-03 +2.186268e-02 +8.743920e-01 -1.885987e+02 +2.167548e+03 -5.003195e+04 -6.628874e+06 +3.260500e+09 -7.953346e+10 -3.614193e+12 +4.518733e+13 -2.723537e+16 +2.700377e+18   
Q20-086   +1.299962e+02   +7.157028e-07 -5.866887e-02 +2.670292e-04 -4.668183e-02 +3.489200e-01 +2.285158e+03 -3.977023e+03 +3.815617e+04 +2.189437e+07 -2.292163e+11 +3.948283e+10 -1.043849e+12 -5.605138e+14 +4.742809e+18 +6.868019e+17   +3.512757e-07 -5.552933e-06 -1.114448e-03 +4.585929e-03 +7.538332e-01 -1.832155e+02 +2.676801e+03 +1.449297e+05 +1.292835e+07 +3.543224e+09 +6.969609e+09 -5.776154e+12 -2.134568e+14 -1.820459e+16 +7.629468e+16   
Q20-087   +1.299956e+02   +6.784799e-07 -5.866249e-02 -5.001068e-04 -7.090019e-02 -3.278441e-01 +2.273819e+03 -2.380126e+03 +5.798470e+04 +1.826168e+07 -2.276635e+11 +9.875788e+10 -1.270957e+12 -1.002015e+15 +4.592622e+18 -2.617947e+18   +1.666313e-07 -2.030684e-05 -1.291144e-03 +1.300639e-02 +1.926693e+00 -1.697084e+02 +3.921872e+02 +2.822369e+05 -1.253251e+07 +8.806206e+08 +1.663692e+10 -1.703350e+13 +3.071425e+13 +4.057260e+16 -9.658435e+17   
Q20-088   +1.299956e+02   +9.227797e-07 -5.859481e-02 -2.273833e-04 -3.671770e-02 -3.093779e-01 +2.310971e+03 -1.687359e+03 +9.026490e+04 +2.489719e+07 -2.272192e+11 +2.848839e+10 -2.176217e+12 -7.577631e+14 +4.565151e+18 +2.485352e+16   +4.935556e-07 -2.107118e-05 -1.768791e-03 +3.324881e-02 +1.746032e+00 -2.360090e+02 +4.584817e+03 -1.774292e+05 -1.827266e+05 +4.972988e+09 -1.113312e+11 -2.732822e+12 -2.633742e+14 -5.437292e+16 +1.918484e+18   
Q20-090   +1.299955e+02   +5.977008e-07 -5.864794e-02 -3.199692e-04 -8.076872e-03 +1.045507e-01 +2.280320e+03 -2.863224e+03 -8.706878e+04 +2.006781e+07 -2.283968e+11 +1.600028e+11 +5.379488e+12 -9.490613e+14 +4.665065e+18 -6.083295e+18   +3.183485e-08 -1.114107e-05 -1.584530e-04 +1.347904e-02 +5.012938e-01 -1.403432e+02 -2.565810e+03 +7.550870e+04 +1.113085e+07 +2.589294e+09 +4.725467e+10 -1.505209e+13 -4.177295e+14 -7.902474e+15 +1.783537e+18   
Q20-091   +1.299939e+02   -3.814850e-07 -5.866684e-02 -1.144042e-03 -4.351269e-02 -4.346804e-02 +2.233006e+03 +2.297175e+03 +1.295035e+05 -3.879794e+05 -2.239073e+11 -4.475294e+10 +2.252643e+12 +2.677021e+14 +4.465367e+18 +2.131969e+18   -2.005878e-08 -4.529136e-06 -4.125637e-04 +7.999345e-03 +2.337684e-01 -2.252042e+02 +1.624856e+03 -7.896224e+04 -1.422557e+07 +4.260974e+09 +4.451227e+10 -5.127351e+11 +9.606682e+14 +6.153141e+16 -3.323530e+18   
Q20-092   +1.299957e+02   -2.176107e-07 -5.866403e-02 -2.344936e-03 -6.070522e-02 -1.058022e+00 +2.316998e+03 +4.769804e+03 +5.497892e+04 +1.211984e+07 -2.289835e+11 -8.748428e+10 -5.897736e+12 -7.731533e+14 +4.622489e+18 +1.752289e+18   +3.520047e-07 -1.978706e-05 -1.550617e-03 +1.440067e-02 +1.711746e+00 -1.391471e+02 +5.651462e+03 +1.146449e+05 +1.367360e+07 +9.693298e+08 -7.171633e+10 -6.925146e+12 -1.433550e+14 +4.381346e+16 +6.936768e+17   
Q20-094   +1.299947e+02   -3.528897e-08 -5.865543e-02 -3.506164e-03 -4.998761e-02 -8.870346e-01 +2.315329e+03 +4.891610e+03 -7.039259e+04 +1.533825e+07 -2.277182e+11 -1.602987e+10 +7.613171e+12 +8.144124e+13 +4.594312e+18 +8.037420e+17   +8.505793e-07 -8.978551e-06 -2.829024e-03 +2.283755e-02 +2.451790e+00 -2.012367e+02 +6.546396e+03 +2.112834e+05 +1.472107e+07 +5.654971e+09 -6.789821e+10 -9.165474e+12 -5.731097e+14 -9.806077e+16 -2.196386e+18   
Q20-098   +1.299980e+02   +6.611656e-07 -5.864219e-02 -1.088804e-05 -5.216615e-02 -3.316585e-01 +2.288971e+03 -3.319077e+03 +4.200149e+04 +3.772829e+07 -2.281396e+11 +8.310443e+10 +2.686621e+12 -1.014349e+15 +4.635331e+18 -3.055132e+18   -3.506353e-08 -1.016266e-05 +5.168980e-05 +1.154362e-02 -3.386284e-02 -1.317252e+02 -1.043009e+03 +9.843790e+04 -6.847318e+06 +2.886152e+09 +8.725534e+10 -5.132531e+12 +7.099983e+14 -4.049701e+16 -4.011082e+18   
Q20-102   +1.299954e+02   +5.197578e-07 -5.866711e-02 -2.104360e-04 -3.664704e-02 -1.134583e-01 +2.180893e+03 -1.980422e+03 +3.577037e+03 +8.885230e+06 -2.268249e+11 +6.657025e+10 +4.780312e+12 -5.482922e+14 +4.670423e+18 -1.827266e+18   +2.938296e-07 +2.143039e-05 -1.080579e-03 +1.400339e-02 +5.837637e-01 -3.380941e+02 +2.557756e+03 +1.776137e+05 +6.446854e+06 +1.035339e+10 -8.107956e+10 -4.500945e+12 -9.188410e+13 -2.537589e+17 +3.735811e+18   
Q20-106   +1.299988e+02   +3.147258e-07 -5.868536e-02 -1.055617e-04 -3.069263e-02 +1.401100e-01 +2.312427e+03 -2.878448e+03 +5.919838e+03 +4.803608e+06 -2.293250e+11 +5.001675e+10 -1.333808e+12 +1.044378e+15 +4.637841e+18 -2.660950e+18   +1.552424e-07 -1.039560e-05 -5.735224e-04 +1.179880e-02 +2.536548e-01 -2.283713e+02 +2.537016e+03 +8.508002e+04 +9.049784e+06 +4.391194e+09 +3.375883e+10 -9.303255e+12 +3.257209e+14 -5.395725e+16 +3.529611e+18   
Q20-115   +1.299951e+02   +3.033816e-07 -5.865132e-02 -1.295551e-03 -3.456480e-02 +6.832093e-01 +2.289522e+03 -1.245892e+02 -2.418085e+05 -1.788684e+07 -2.275272e+11 +1.077826e+11 +1.375961e+13 +4.948683e+14 +4.578236e+18 -7.653369e+18   +6.026166e-07 -1.622233e-05 -1.396209e-03 +5.780582e-03 +1.811054e+00 -1.711680e+02 -1.083939e+03 +2.180678e+05 +1.451558e+07 +5.146094e+09 +1.636275e+11 -1.128815e+13 -6.135082e+14 -1.479613e+17 -7.971924e+18   
Q20-118   +1.299952e+02   +5.275452e-07 -5.866950e-02 -8.404480e-04 -3.314222e-02 -3.531234e-01 +2.379724e+03 -1.098990e+03 +8.628534e+04 +1.527201e+07 -2.280475e+11 +3.502008e+10 +2.838351e+12 -1.870447e+14 +4.608061e+18 -8.624557e+16   +4.432959e-07 -2.096177e-05 -1.593960e-03 +2.219670e-02 +1.874106e+00 -1.280395e+02 +2.456211e+03 -2.482586e+04 -5.368563e+06 +1.535435e+09 -5.350374e+10 -4.341113e+12 +2.278890e+14 +3.893788e+16 +8.261813e+17   
Q20-120   +1.299940e+02   +4.909324e-08 -5.866385e-02 -1.334809e-03 -7.517901e-03 -1.073411e+00 +2.296378e+03 +3.108509e+03 -1.698678e+05 +3.333723e+07 -2.251758e+11 -1.612751e+11 +1.019199e+13 -1.328188e+15 +4.566070e+18 +7.296054e+18   +2.536169e-07 -1.708053e-05 -1.410530e-03 +4.922199e-03 +1.546540e+00 -2.129122e+02 +2.190597e+03 +1.193817e+05 -1.615957e+06 +3.620112e+09 -7.477335e+10 -5.109160e+12 -1.102728e+14 +3.005625e+16 +1.557322e+18   
Q20-121   +1.299953e+02   -3.237531e-07 -5.869712e-02 -1.828869e-03 -5.284167e-02 -1.508984e+00 +2.315741e+03 +5.013296e+03 +2.113061e+05 +9.948621e+06 -2.287130e+11 -7.037722e+10 -5.748232e+12 +1.468783e+14 +4.694219e+18 +3.091209e+18   +2.706606e-07 -1.933578e-05 +2.103067e-04 +9.161208e-03 +1.085266e+00 -2.665449e+02 +9.339861e+02 -1.651607e+04 -8.250314e+05 +7.580499e+09 -1.499553e+10 -1.148721e+12 +5.059140e+14 -1.867994e+17 -1.549463e+18   
Q20-123   +1.299961e+02   +4.791703e-07 -5.862247e-02 -1.282466e-03 -1.943053e-02 -6.912114e-01 +2.372628e+03 +1.203108e+03 -1.366254e+05 +1.565400e+07 -2.272646e+11 -3.175384e+10 +2.856995e+12 -1.687309e+14 +4.585280e+18 +3.286826e+18   +2.311156e-07 -1.446106e-05 -1.133452e-03 +1.004282e-02 +1.760301e+00 -1.654803e+02 +1.889769e+03 +3.961789e+05 -2.567063e+07 +4.001005e+09 +5.510338e+09 -2.508293e+13 +1.272764e+15 -5.136430e+16 -4.377842e+18   
Q20-129   +1.299959e+02   +5.283989e-07 -5.871001e-02 -3.426669e-04 -7.287778e-02 +3.946345e-02 +2.389934e+03 -2.008860e+03 +1.895893e+05 +7.614229e+06 -2.292627e+11 +3.891290e+10 -5.730655e+12 -2.911440e+14 +4.667177e+18 -7.586130e+17   +9.859996e-08 +1.328475e-05 -1.481222e-03 +1.557718e-02 +1.055633e+00 -1.689280e+02 +2.864697e+03 +1.301127e+05 -6.749106e+06 +4.809049e+09 -8.062808e+10 -8.287631e+12 -1.282344e+13 -6.108688e+16 +2.212756e+18   
Q20-131   +1.299954e+02   +4.573089e-07 -5.867416e-02 -6.704846e-04 -2.088348e-02 -3.356954e-01 +2.327500e+03 -1.814282e+02 -1.195685e+05 +1.049956e+07 -2.261215e+11 +7.798422e+09 +4.798614e+12 -2.038440e+14 +4.579119e+18 +1.707298e+18   +1.975488e-07 +2.338860e-05 -8.767172e-04 +1.637645e-02 +1.203221e+00 -2.626630e+02 +6.913699e+02 -3.906270e+04 -5.978742e+06 +8.269946e+09 +2.724842e+09 -6.096874e+12 +2.480085e+14 -1.360454e+17 +6.302354e+17   
Q20-132   +1.299942e+02   +1.898341e-07 -5.871399e-02 +1.740956e-04 -5.350240e-02 +8.457593e-02 +2.343839e+03 -3.748226e+03 +1.545867e+05 +2.288928e+07 -2.298176e+11 +1.334848e+10 -4.362675e+12 -6.835357e+14 +4.710170e+18 +3.998825e+18   -7.468601e-08 -2.955756e-06 -1.721641e-04 -1.249523e-03 +1.047241e+00 -1.988265e+02 -4.662173e+03 +3.815693e+04 -4.613687e+06 +4.840250e+09 +7.726268e+10 -5.566865e+12 -6.560114e+13 -1.106034e+17 -1.675542e+18   
Q20-133   +1.299954e+02   +7.691624e-07 -5.869949e-02 -2.708370e-04 -1.351890e-02 -1.270674e-01 +2.385011e+03 -3.332637e+03 -9.193087e+04 +1.695625e+07 -2.282464e+11 +7.480137e+10 +3.196742e+12 -6.345709e+14 +4.652909e+18 -1.073092e+18   -2.153141e-07 +5.790827e-06 +8.070101e-04 +3.305486e-02 -1.009685e-02 -1.835307e+02 -3.035991e+03 +3.618709e+04 +4.655965e+05 +3.887482e+09 +2.737778e+10 -7.811799e+12 +9.763315e+13 -3.355740e+16 -4.746902e+17   
Q20-137   +1.299968e+02   +7.530755e-07 -5.867500e-02 -6.715500e-04 -3.656483e-02 -1.476489e-01 +2.406132e+03 +1.218177e+03 +1.164824e+04 +3.004089e+07 -2.279284e+11 -1.766930e+11 +1.227099e+12 -8.316151e+14 +4.584121e+18 +7.855578e+18   -7.815269e-08 +6.164716e-06 -6.813672e-04 +2.453960e-02 +1.338372e+00 -2.291576e+02 +1.802905e+03 +5.076799e+04 -1.287589e+07 +5.800759e+09 -7.001078e+10 -7.403341e+12 +6.373228e+14 -9.600506e+16 +3.269767e+18   
Q20-141   +1.299954e+02   -1.390258e-07 -5.873265e-02 -2.041531e-03 -1.340426e-02 -2.962634e+00 +2.334986e+03 +1.650080e+03 +1.671558e+05 +9.424280e+06 -2.279147e+11 -5.046733e+10 -8.747940e+12 -1.996186e+14 +4.636244e+18 +2.202783e+18   +2.322559e-07 +2.226563e-05 -7.450564e-04 +2.024049e-02 +4.895099e-01 -2.854132e+02 +1.343604e+03 +8.842313e+04 +2.495601e+06 +9.026335e+09 +3.106864e+08 -7.550718e+12 -4.519875e+14 -2.355870e+17 -9.213249e+17   
Q20-145   +1.299938e+02   +4.450703e-07 -5.869863e-02 -1.031798e-03 -8.500836e-02 -4.671742e-02 +2.281026e+03 -8.646751e+02 +1.790304e+05 +1.448094e+07 -2.280037e+11 +5.499851e+10 -1.727305e+12 -2.217109e+14 +4.614225e+18 -4.792561e+16   +2.789496e-07 -1.540324e-05 -1.620553e-03 +1.190897e-02 +1.356461e+00 -2.415598e+02 +2.625063e+03 +1.818363e+04 +3.232644e+06 +6.397441e+09 +3.691499e+10 -5.209190e+12 -5.667464e+14 -1.212395e+17 -2.357462e+18   
Q20-146   +1.299968e+02   +4.557270e-07 -5.867203e-02 -1.434918e-03 -6.013120e-02 -1.671897e+00 +2.298590e+03 +8.920081e+01 +5.655009e+04 +2.338958e+07 -2.284339e+11 -3.050343e+10 -1.466587e+12 -4.623581e+14 +4.573373e+18 -3.389989e+17   -2.391110e-08 -1.898575e-05 -1.010415e-03 +5.027758e-02 +1.281392e+00 -1.725270e+02 -2.847875e+02 +1.271873e+05 -5.592461e+06 +1.062055e+09 +3.362854e+10 -1.201666e+13 -1.153978e+14 +1.664039e+16 -1.079640e+18   
Q20-147   +1.299965e+02   +6.371065e-07 -5.869002e-02 -1.247088e-03 -1.067252e-01 +9.612490e-02 +2.374917e+03 -3.037043e+03 +5.540226e+04 +1.001845e+07 -2.280440e+11 +1.802148e+11 +6.550018e+10 -7.455578e+14 +4.646508e+18 -4.017373e+18   +1.412814e-07 -1.216176e-05 -1.318606e-03 +2.738893e-02 +1.747776e+00 -2.339149e+02 +1.493433e+03 -2.382894e+04 +2.233915e+06 +5.394748e+09 -4.479825e+10 -9.092391e+12 -8.600324e+13 -3.007152e+16 +8.110626e+17   
Q20-152   +1.299967e+02   +4.899926e-07 -5.866821e-02 -1.134568e-03 -1.087670e-01 -1.005224e+00 +2.358102e+03 -1.026495e+03 +1.571701e+05 +1.578532e+07 -2.291143e+11 +6.888876e+09 -4.046865e+12 -4.855088e+14 +4.617986e+18 +3.037742e+18   -3.189253e-07 -4.457168e-06 -5.477887e-04 +2.329541e-02 +9.251627e-01 -1.882855e+02 +7.344777e+02 +8.956474e+04 -5.456451e+06 +1.604404e+09 -4.995910e+10 -6.108907e+12 -1.094881e+14 +8.141468e+15 +3.199767e+18   
Q20-155   +1.299965e+02   +6.043104e-07 -5.865173e-02 -1.747160e-03 +1.326073e-03 -1.608591e+00 +2.303358e+03 +1.072123e+03 -9.812303e+04 +3.242902e+07 -2.312624e+11 -6.322668e+10 +2.635302e+12 -4.501485e+14 +4.633847e+18 +4.178905e+18   +3.718618e-07 +8.244830e-06 -7.681751e-04 +9.748555e-03 +4.301554e-01 -2.545006e+02 +9.192447e+02 +9.440570e+04 +1.370561e+07 +2.010185e+09 -3.159411e+10 -2.489888e+12 -3.959897e+14 +7.779217e+16 -6.916195e+17   
Q20-168   +1.299953e+02   +4.887074e-07 -5.863215e-02 -1.170350e-03 -5.789223e-02 -5.275076e-01 +2.201390e+03 -8.354156e+02 +2.435360e+04 +1.018827e+07 -2.242500e+11 +6.199635e+10 +2.631069e+12 -3.723002e+14 +4.501484e+18 -2.544040e+18   +2.352103e-07 -1.901049e-05 -2.479153e-04 -2.660641e-03 -6.154810e-01 -1.962907e+02 +1.339197e+03 +1.054194e+05 +1.851624e+07 +3.307727e+09 -4.871421e+09 -5.923332e+11 -3.983189e+14 +3.030988e+16 +7.791051e+17   
Q20-169   +1.299958e+02   +5.631086e-07 -5.863939e-02 -1.361649e-03 -2.902580e-02 -1.007413e+00 +2.218007e+03 -1.232438e+02 -6.960489e+04 +1.418112e+07 -2.253794e+11 -1.089421e+10 +3.098783e+12 -3.520686e+14 +4.541164e+18 +1.940958e+18   -1.673953e-07 -9.695513e-06 -4.888413e-04 +2.916208e-02 +1.207839e+00 -1.949037e+02 +5.680560e+02 +9.642096e+04 -2.939601e+06 +3.113548e+09 -4.002805e+10 -1.331018e+13 -2.081206e+14 +4.976138e+16 +2.156063e+18   
Q20-172   +1.299931e+02   -9.769703e-08 -5.868242e-02 -2.063753e-03 -8.870748e-03 -1.990783e+00 +2.269398e+03 +1.162693e+03 -4.341140e+04 +1.098028e+07 -2.268954e+11 -4.290736e+10 +8.625642e+11 +2.984029e+12 +4.593775e+18 +1.140556e+18   -5.962076e-07 -2.102727e-05 +5.159988e-04 +2.810055e-02 -3.608523e-01 -1.400670e+02 -9.325180e+02 -1.317885e+04 -1.136785e+07 +1.375811e+09 +1.632530e+10 -9.933035e+12 +2.698899e+14 +8.312418e+16 -1.515544e+17   
Q20-173   +1.299977e+02   +7.325234e-07 -5.862565e-02 -4.551152e-04 -5.229605e-02 -5.084021e-01 +2.247359e+03 -1.829991e+02 +3.790011e+04 +2.291714e+07 -2.266448e+11 -9.968146e+10 -1.250853e+12 -3.788866e+14 +4.397460e+18 +5.282830e+18   -2.309389e-07 -1.340767e-05 -2.946649e-04 -3.065984e-03 +3.915437e-01 -2.251022e+02 -3.521385e+02 +2.512924e+05 -8.674284e+06 +3.401452e+09 +4.859567e+10 -8.539205e+12 +3.210800e+14 -1.533980e+15 -5.280869e+18   
Q20-174   +1.299939e+02   -2.818508e-07 -5.868944e-02 -8.722009e-04 -2.848137e-02 -5.047135e-02 +2.258132e+03 -1.363146e+03 +4.763764e+04 -5.134686e+06 -2.266495e+11 +6.124184e+10 -1.440322e+12 -4.715011e+12 +4.538720e+18 -1.424626e+18   +2.078902e-07 -1.172553e-05 -2.279767e-04 +2.357319e-02 -3.199556e-01 -1.377837e+02 -1.429847e+02 +1.028427e+05 +6.751902e+06 +2.536015e+09 +4.091981e+10 -8.413672e+12 -2.685932e+14 +1.148131e+16 -1.026432e+18   
Q20-175   +1.299962e+02   -9.939537e-08 -5.867619e-02 -2.181636e-03 -2.010730e-02 -1.511770e+00 +2.258854e+03 +2.262645e+03 -6.674545e+04 +4.711235e+06 -2.276613e+11 -3.671922e+10 +4.896077e+12 -1.219243e+14 +4.589050e+18 +2.184629e+18   -6.116587e-07 +4.054726e-06 +1.576631e-03 +1.141382e-02 -1.859931e+00 -1.041106e+02 -4.688228e+03 +3.486371e+04 +1.002532e+07 +9.663975e+08 +1.014264e+11 -6.707991e+12 -1.874589e+14 +3.606963e+16 -2.064527e+18   
Q20-177   +1.299986e+02   -7.146824e-08 -5.868298e-02 -1.456188e-03 -8.925473e-02 -1.442232e+00 +2.294903e+03 -9.188522e+01 +3.776391e+05 +1.332336e+07 -2.300983e+11 -9.058098e+10 -8.799633e+12 -2.105618e+14 +4.625219e+18 +3.881243e+18   +3.491525e-07 +3.494533e-06 -1.355695e-03 +2.347251e-02 +7.989278e-01 -1.962749e+02 +5.124053e+03 -8.057194e+04 -4.792696e+06 +5.329632e+08 -1.069688e+11 +1.175887e+13 +3.799155e+14 +4.008367e+16 +1.173216e+18   
Q20-179   +1.299977e+02   +5.497297e-07 -5.868052e-02 -1.195594e-03 +1.418604e-02 -9.611462e-01 +2.208698e+03 +1.394097e+03 -9.666486e+04 +3.617858e+07 -2.291012e+11 -5.601769e+10 +6.838750e+11 -1.424096e+15 +4.595659e+18 +1.307529e+18   +6.175354e-08 -1.048576e-05 -9.371204e-04 +9.640063e-03 +5.274703e-01 -2.174932e+02 +8.698285e+02 +1.958382e+05 -8.552536e+06 +4.983227e+09 +5.203127e+10 -7.391245e+12 +2.608367e+14 -1.346032e+17 -3.034838e+18   
