# multipoles are divided by excitation current and units are [T], [m] and [A]
# harmonics (dipole n=0): 00 01 02 03 04 05 06 07 08 09 10 11 12 13 14 
# MAG_LABEL   CURRENT[A]   <NORMAL_MULTIPOLES/CURRENT>[T/m^(n-1)/A]   <SKEW_MULTIPOLES/CURRENT>[T/m^(n-1)/A]
Q20-029   +3.998550e+00   +2.791887e-06 -6.541426e-02 +1.634495e-03 -1.976554e-02 +2.713584e-01 +1.916284e+03 -8.951803e+03 -3.909947e+05 +6.546316e+07 -2.559943e+11 +1.213577e+11 -2.707249e+13 -1.492310e+15 +5.174868e+18 -3.299128e+18   +2.466720e-06 -3.478603e-06 -5.812177e-03 +1.462126e-02 +4.640360e+00 -2.005024e+02 +1.455741e+04 -8.230243e+04 +4.756897e+07 +7.042781e+09 +1.416921e+11 -3.053349e+13 +1.066028e+15 -2.155400e+17 +1.852885e+19   
Q20-030   +3.998000e+00   +8.570483e-07 -6.555263e-02 -5.279492e-03 -3.185965e-02 -3.005413e+00 +1.997170e+03 +5.419797e+03 +4.992589e+05 +4.260483e+07 -2.614600e+11 -3.264700e+11 +4.392529e+13 -1.268742e+15 +5.087951e+18 +6.770288e+18   +7.518934e-07 -2.002146e-05 -5.681956e-04 +1.985844e-02 +2.548059e+00 -2.872906e+02 -8.305405e+03 -7.480468e+04 +5.200365e+07 +3.805658e+09 +2.794065e+10 -1.243020e+13 -9.207171e+13 -3.379175e+17 +5.425465e+18   
Q20-032   +3.998150e+00   +9.134657e-07 -6.552018e-02 -2.508123e-03 +1.286063e-02 +1.698940e+00 +1.913282e+03 +3.182995e+03 -1.573472e+06 -5.985618e+07 -2.600855e+11 -3.860591e+10 -6.841014e+13 -4.936718e+14 +5.419334e+18 +2.333222e+18   +2.820755e-06 -9.739510e-06 -7.930165e-03 +2.741641e-02 +5.291812e+00 -2.741718e+02 +1.286857e+04 -6.174108e+05 -8.287833e+07 +7.794918e+09 -1.317521e+11 -1.976529e+13 +2.657281e+15 -1.205970e+17 +9.184455e+18   
Q20-037   +3.997850e+00   +1.380651e-06 -6.560324e-02 +2.840952e-05 -9.899163e-02 -2.037528e-01 +2.027660e+03 -4.339618e+03 +1.577059e+05 +1.783858e+06 -2.546301e+11 -4.665998e+10 -1.176393e+12 -9.146021e+14 +5.276163e+18 -1.067299e+18   +2.279986e-08 -7.805978e-06 +1.342158e-03 +1.580672e-02 +1.064054e+00 -2.584309e+02 -8.961759e+03 +6.338917e+05 -6.000233e+06 +4.738304e+09 +3.252661e+11 -8.452263e+12 -9.051260e+13 -7.448561e+16 +1.088034e+19   
Q20-040   +3.997450e+00   +1.816380e-06 -6.530328e-02 -1.031184e-03 -1.135683e-01 +9.644381e-01 +2.059643e+03 +2.564410e+03 -1.485702e+05 +2.665299e+07 -2.478376e+11 +1.684360e+11 -8.198664e+12 -4.087268e+14 +5.279483e+18 +1.120787e+18   +2.949558e-06 -1.094684e-05 -8.082335e-03 +6.995009e-03 +6.720154e+00 -1.957001e+02 +9.828053e+03 +3.569473e+05 -9.334791e+07 +9.105100e+09 -5.002469e+11 -7.143034e+12 -2.117881e+15 -5.669487e+16 -1.741702e+18   
Q20-043   +3.997950e+00   +3.694038e-06 -6.602894e-02 +5.855989e-03 -6.410736e-02 +1.180346e+00 +1.963506e+03 -1.935337e+04 -9.467637e+05 +6.055356e+07 -2.564737e+11 -1.328499e+11 +1.694751e+13 -1.974741e+15 +5.298098e+18 -1.158016e+19   +4.746220e-07 -2.697960e-05 -8.002306e-05 +2.505472e-02 +1.009982e+00 -8.102570e+01 -4.026806e+03 +2.341949e+05 -2.343174e+07 +9.203950e+09 +9.559054e+10 -1.732074e+13 -2.183307e+15 -2.828402e+17 +4.726833e+18   
Q20-046   +3.998400e+00   +1.130332e-06 -6.589173e-02 -3.359546e-03 -7.750840e-02 -3.029467e+00 +2.053752e+03 -1.591532e+03 +5.328967e+05 -1.035760e+08 -2.585167e+11 -3.403521e+11 -5.544378e+13 -2.138865e+15 +5.068195e+18 -1.415517e+19   +4.098995e-06 -1.760144e-05 -9.471616e-03 +3.350868e-02 +5.087410e+00 -2.555872e+02 +7.832743e+03 -1.154350e+05 -7.658213e+07 -1.546343e+09 -4.189978e+11 +3.777969e+13 -4.209136e+15 -6.416279e+17 +2.283395e+19   
Q20-047   +3.997900e+00   +1.296958e-06 -6.593176e-02 -3.793789e-03 -5.368331e-02 -1.144963e+00 +2.130291e+03 +4.507672e+03 +4.933643e+04 +7.256650e+07 -2.543473e+11 -9.642767e+11 +1.749777e+13 -2.285288e+15 +4.763371e+18 -3.935699e+19   -2.278822e-06 -7.360422e-06 +1.064083e-02 +4.396846e-03 -6.583934e+00 -1.809446e+02 -3.103174e+04 -1.260566e+06 +7.468243e+07 -3.047005e+09 -2.555464e+11 -6.303262e+13 +3.587298e+15 -8.140226e+16 +4.343573e+18   
Q20-050   +3.998400e+00   +1.653671e-06 -6.616619e-02 -3.032045e-03 -5.196261e-02 -3.034941e+00 +2.139601e+03 +1.125348e+04 +2.250286e+05 +8.168680e+07 -2.605722e+11 -5.184661e+11 +2.814061e+13 -4.931745e+15 +4.940504e+18 -3.785187e+19   +3.011385e-06 -2.598990e-06 -8.318255e-03 +2.866424e-02 +4.859564e+00 -3.485159e+02 +2.909094e+04 +7.695481e+05 -1.973113e+07 +1.757181e+09 -1.119609e+11 -8.333959e+12 +1.365002e+15 -4.710247e+17 +1.139420e+19   
Q20-056   +3.997950e+00   +1.845605e-06 -6.639555e-02 -1.044823e-03 -6.644715e-02 -1.776995e+00 +2.098771e+03 -2.694143e+03 +4.866387e+05 +6.717400e+07 -2.538248e+11 +2.159501e+11 -5.458918e+12 -1.629192e+15 +5.175975e+18 +1.394455e+18   +1.380872e-06 -1.490349e-05 -2.046810e-03 +2.057825e-02 +3.068408e+00 -6.866769e+01 +9.869831e+03 +3.887410e+05 +3.669406e+07 +7.002879e+07 +1.449250e+11 +1.157097e+13 -1.314789e+15 +4.760530e+14 +1.194479e+19   
Q20-058   +3.998100e+00   +2.397965e-06 -6.630267e-02 +8.223276e-04 -9.626222e-02 +3.689698e-01 +2.137941e+03 -2.127418e+03 +5.515923e+05 +5.710528e+07 -2.537438e+11 +1.470537e+11 +2.132346e+13 -2.175690e+15 +5.259631e+18 +9.772102e+18   +1.633581e-06 -5.092241e-06 -2.016710e-03 +1.928910e-02 +3.860149e+00 -2.300788e+02 -6.939549e+02 +5.975904e+05 +6.328056e+06 +2.281779e+09 +1.944021e+11 -1.377299e+13 +1.184292e+15 +5.638193e+16 -7.209327e+18   
Q20-059   +3.997900e+00   +2.335694e-06 -6.614643e-02 +6.022764e-04 -1.245145e-01 -1.131131e+00 +2.116158e+03 -5.164969e+03 +2.753351e+05 +4.193852e+07 -2.509372e+11 -1.553355e+10 -4.041967e+12 -1.078672e+15 +5.189997e+18 +1.666712e+18   -4.147160e-07 -1.872395e-05 +4.786711e-03 +1.888037e-02 -2.689094e+00 -2.303903e+02 -1.731748e+04 -5.695895e+04 +1.121309e+06 +2.372346e+09 +1.297426e+11 +2.545656e+12 +2.972380e+13 -3.521901e+15 +9.808537e+17   
Q20-060   +3.998250e+00   +1.515619e-06 -6.608849e-02 +9.624763e-06 -5.408726e-02 +1.149064e+00 +2.151696e+03 -2.555496e+03 -1.764382e+04 +5.356198e+07 -2.583800e+11 -1.221766e+11 +1.739179e+13 -1.379449e+15 +5.313675e+18 -6.165720e+18   -1.146893e-06 -1.356740e-05 +5.802426e-03 +1.959324e-02 -3.371255e+00 -7.960805e+01 -1.523051e+04 -4.708693e+04 -7.733741e+06 +1.244046e+09 +4.062377e+11 -1.444017e+13 +2.308719e+14 +1.047305e+17 +1.120105e+19   
Q20-062   +3.998100e+00   +1.836407e-06 -6.634316e-02 -7.184087e-04 -1.161943e-01 -2.360888e-02 +1.974355e+03 +1.028792e+04 +2.437800e+05 +2.016834e+07 -2.505610e+11 -2.192826e+11 -6.405060e+12 -2.398792e+15 +5.098077e+18 +2.612669e+18   -4.741477e-07 -1.851634e-05 +4.150189e-03 +2.867795e-02 -6.478968e-01 -1.851716e+02 -1.051670e+04 -9.845174e+04 +8.340692e+06 +3.308874e+09 -7.112333e+10 -6.164233e+12 -1.412760e+15 +1.606032e+17 -1.065822e+19   
Q20-064   +3.998150e+00   +4.187174e-06 -6.624829e-02 +7.654758e-03 -4.701574e-02 +1.981881e+00 +2.279981e+03 -3.060618e+04 +5.691517e+05 +2.473659e+07 -2.492717e+11 -1.422655e+10 +3.225664e+13 +8.042925e+14 +5.191764e+18 +7.408044e+18   +4.591389e-07 -1.155448e-05 +9.175038e-04 +1.477000e-03 +5.164434e-01 -3.061178e+02 -1.040625e+04 +4.439606e+05 +6.684532e+06 +9.254395e+09 +7.991128e+10 -4.322752e+13 +1.786266e+14 -5.186904e+16 -2.807478e+18   
Q20-067   +3.998100e+00   -2.198948e-06 -6.642515e-02 -1.383679e-02 -7.529487e-02 -7.890110e+00 +2.351046e+03 +3.365989e+04 +4.096506e+03 +7.969763e+07 -2.609124e+11 -1.014513e+12 -1.418926e+13 +1.847310e+15 +4.915878e+18 -3.737610e+19   +1.806125e-06 -3.286651e-05 -4.508904e-03 +1.054915e-02 +2.151254e+00 -1.938390e+02 +1.337528e+03 +1.026905e+06 +1.431086e+08 +1.520977e+10 -2.129835e+11 +2.013369e+13 +1.111288e+16 +1.353283e+17 +2.237848e+19   
Q20-070   +3.997500e+00   +5.344938e-06 -6.601093e-02 +9.959407e-03 +1.595920e-02 +3.741013e+00 +1.931099e+03 -1.584710e+04 -5.538384e+04 +1.668720e+08 -2.627802e+11 -2.612000e+11 +2.765503e+13 +6.887067e+15 +5.530952e+18 -2.592095e+19   -1.517010e-06 +7.365463e-06 +8.346632e-03 -1.584181e-02 -4.168320e+00 -4.165576e+02 -2.831412e+04 -3.006559e+04 -1.027287e+07 -8.637463e+09 +4.303275e+11 -7.851240e+13 -2.020814e+15 -9.707232e+16 +5.065316e+19   
Q20-072   +3.997750e+00   -2.751733e-07 -6.608537e-02 -7.356158e-03 -1.066764e-01 -4.737315e+00 +2.193859e+03 +1.927961e+04 +7.476653e+05 +8.934361e+06 -2.578676e+11 -1.423870e+11 +2.182910e+12 -1.559475e+15 +5.266172e+18 +5.575801e+18   +1.605946e-06 +2.558307e-05 -1.036517e-03 +6.424721e-03 +1.068626e-01 -2.360282e+02 +2.998852e+03 +1.739451e+05 +1.521732e+07 +5.889898e+09 -3.388361e+10 +1.173264e+13 -9.789882e+14 -6.387463e+16 -1.751893e+18   
Q20-075   +3.997800e+00   +3.862872e-06 -6.590295e-02 +7.252844e-03 -7.153629e-02 +3.498019e+00 +2.221895e+03 -2.157456e+04 -7.814943e+05 +9.432463e+07 -2.444909e+11 -9.045953e+11 +1.239986e+13 -1.153078e+15 +5.654055e+18 -1.994273e+19   +5.279481e-07 -1.109677e-05 +1.763581e-03 +3.666749e-02 +7.284084e-01 -1.837292e+02 -1.388138e+04 +6.188914e+05 +8.430907e+07 -5.438226e+09 -2.689902e+11 +7.664440e+12 -8.625542e+14 -3.609893e+17 +9.424458e+18   
Q20-079   +3.997800e+00   +1.984333e-06 -6.651673e-02 -5.301508e-04 -3.910688e-02 +1.653252e-01 +2.172969e+03 -4.692343e+03 +8.962337e+03 +3.942121e+07 -2.582095e+11 -7.667782e+10 +5.174406e+12 -6.270069e+14 +5.257879e+18 +2.148733e+18   +3.113960e-06 -5.649230e-06 -8.679909e-03 +1.529390e-02 +4.720116e+00 -2.441398e+02 +2.365256e+04 +2.941155e+05 +3.583198e+07 +5.724676e+09 -9.779834e+10 -6.731322e+12 -5.313870e+14 -1.378727e+17 +7.826257e+18   
Q20-095   +3.997950e+00   -5.188151e-07 -6.625546e-02 -7.876472e-03 -4.200820e-02 -4.941145e+00 +1.891912e+03 +2.326155e+04 -5.924912e+04 +3.148656e+07 -2.529654e+11 -2.198295e+11 -8.571771e+12 -9.132826e+14 +5.032514e+18 +1.870185e+18   +1.672071e-06 -1.923341e-05 -4.070634e-03 -6.197436e-03 +4.403559e+00 -2.106226e+02 +5.730614e+03 +3.445508e+05 -2.173783e+07 +2.408156e+09 +9.823815e+10 -2.921222e+13 +8.803669e+14 -4.179952e+16 -1.162334e+19   
Q20-107   +3.996100e+00   +2.727642e-06 -6.586945e-02 +1.845051e-03 -8.013716e-04 +5.443262e-01 +1.869110e+03 -4.600260e+03 -2.015897e+05 +8.435337e+07 -2.534316e+11 -4.768732e+10 +4.203896e+12 -2.709692e+15 +5.292653e+18 -2.298171e+16   +1.905367e-06 -1.796788e-05 -4.405761e-03 +2.140408e-02 +3.914970e+00 -3.113183e+02 +1.552098e+04 +4.013591e+05 +2.276631e+07 +4.185115e+09 -8.099657e+10 +1.737619e+13 -8.863569e+14 +7.215638e+16 -2.995380e+18   
Q20-108   +3.996400e+00   +1.812770e-06 -6.597490e-02 -2.331828e-03 +8.239758e-03 -4.196347e+00 +1.907297e+03 +6.771417e+03 -9.573919e+05 +3.826992e+07 -2.601061e+11 -4.685995e+11 +3.983287e+13 -4.485367e+15 +4.908961e+18 +1.809784e+19   +9.925618e-07 -1.659346e-05 -9.295031e-04 -4.618412e-03 +2.446728e+00 -3.347212e+02 +1.373638e+04 -7.498922e+05 +5.316310e+07 +9.908485e+08 -1.024328e+11 -2.249463e+13 +2.422342e+15 -1.594153e+17 +1.951072e+19   
Q20-109   +3.998250e+00   +1.177310e-06 -6.629335e-02 -1.751540e-03 +1.956384e-02 -2.708640e+00 +1.948820e+03 -2.335634e+04 +1.437450e+06 +2.726463e+06 -2.660947e+11 -3.182260e+11 +2.700306e+13 +1.091157e+16 +4.574409e+18 -4.169347e+19   +2.324384e-06 -2.348249e-05 -6.118142e-03 +6.834933e-03 +2.565933e+00 -3.091578e+02 +1.176448e+03 +2.601751e+05 +3.930194e+07 +1.658387e+10 -4.180682e+11 +1.837114e+13 +3.705244e+15 +6.262930e+17 +3.382752e+19   
Q20-111   +3.998150e+00   +2.063384e-06 -6.635556e-02 +2.527396e-03 -8.401983e-02 +1.133165e+00 +2.074889e+03 -1.629580e+04 -3.590681e+05 -2.904869e+07 -2.578312e+11 -9.601781e+10 +7.852359e+13 -6.624644e+15 +5.229411e+18 +6.845914e+18   +1.840198e-06 -2.342739e-05 -4.644308e-03 +1.909357e-03 +5.472421e+00 -1.750533e+02 +7.439221e+03 -3.145432e+05 +1.211476e+07 +3.083384e+08 -6.735178e+11 +2.103775e+13 +2.518910e+15 +3.478494e+17 -2.411090e+19   
Q20-112   +3.997600e+00   +7.422478e-07 -6.574990e-02 -3.860156e-03 -5.500793e-03 -3.995925e+00 +2.023594e+03 +1.647354e+04 +1.384298e+05 -2.483707e+07 -2.499110e+11 -1.440199e+11 +1.263980e+13 -2.495848e+15 +5.338110e+18 -1.098669e+19   +1.284322e-06 +1.204990e-05 -1.830834e-03 +2.067204e-02 +3.880884e+00 -2.173256e+02 +1.238973e+04 +7.667826e+05 +5.766935e+07 +7.661830e+09 +4.265947e+11 +2.755396e+13 -1.080849e+15 -1.462211e+17 +2.698249e+19   
Q20-113   +3.996350e+00   +1.390453e-06 -6.581403e-02 -1.596149e-03 -3.167188e-03 +2.890292e-01 +1.964025e+03 -2.981598e+03 +3.819225e+04 -8.891839e+06 -2.496074e+11 -1.783302e+11 +8.657477e+12 +6.791582e+14 +4.984621e+18 -3.104858e+18   +5.750017e-07 -1.013821e-05 -5.688463e-04 +1.403980e-02 +8.969164e-01 -2.371089e+02 -2.204188e+03 -9.764608e+04 +6.190779e+06 +1.780122e+09 -1.114950e+11 -1.897659e+13 -9.632009e+13 -1.610709e+16 +8.917237e+18   
Q20-116   +3.998300e+00   +1.933928e-06 -6.557877e-02 -6.418683e-05 -6.594535e-02 -2.663449e-01 +1.972896e+03 -6.034375e+03 +3.333889e+04 +4.014371e+07 -2.498407e+11 -1.062341e+11 +2.396443e+12 +1.697563e+14 +5.196078e+18 -1.160131e+18   +4.910214e-07 -8.838889e-06 -1.789496e-04 +1.818586e-02 +2.162924e+00 -1.284185e+02 -1.127625e+03 +2.502341e+05 +1.872088e+07 +2.896794e+09 +2.045585e+11 -7.895073e+12 +1.587622e+15 +7.316475e+16 +4.558525e+18   
Q20-119   +3.998050e+00   +1.013020e-06 -6.572271e-02 -1.982328e-03 -2.043719e-02 +1.351607e-01 +2.035464e+03 +2.573194e+03 -2.054635e+05 -3.411313e+06 -2.546651e+11 +7.281715e+10 +3.122485e+13 +1.271891e+15 +5.256825e+18 -1.512343e+19   +9.902312e-07 +7.319961e-06 -1.878017e-03 +3.369303e-02 +3.364885e+00 -1.686681e+02 +3.323953e+03 +3.754708e+05 -9.179503e+06 -7.550253e+08 -3.340874e+10 +3.337545e+12 +2.215055e+14 +9.771691e+16 +2.585363e+18   
Q20-125   +3.997750e+00   +2.193842e-06 -6.548464e-02 +6.879997e-04 -3.087564e-03 -1.004502e+00 +2.127650e+03 -1.735325e+04 +3.993211e+05 +8.709389e+07 -2.526031e+11 +1.920564e+11 -3.703401e+11 +3.660234e+15 +4.898743e+18 +7.606108e+18   +3.862610e-07 +2.321493e-05 +6.313451e-04 +2.027844e-02 +1.022578e+00 -1.750437e+02 -6.254008e+03 +4.296172e+05 +1.810268e+07 -3.891739e+09 +3.033919e+11 -4.495088e+12 -9.738060e+12 -4.105932e+17 +1.891638e+19   
Q20-127   +3.997900e+00   +2.971593e-07 -6.557575e-02 -3.364541e-03 +1.590535e-02 -2.263752e+00 +1.996035e+03 +1.044605e+04 +1.717898e+05 +3.636084e+07 -2.478220e+11 -1.232991e+11 +2.056356e+13 -1.308863e+14 +5.266848e+18 -7.090990e+18   +1.044420e-06 +1.018803e-05 -2.156354e-03 -7.153741e-04 +3.420163e+00 -1.825656e+02 +5.855294e+02 +2.314268e+05 +1.686059e+07 +1.931863e+08 +2.241480e+11 -4.206123e+12 +7.254616e+14 -7.340049e+16 +5.056702e+18   
Q20-130   +3.998050e+00   +6.762629e-07 -6.581253e-02 -1.471177e-03 -4.016160e-02 -1.672531e+00 +2.201080e+03 +4.109726e+03 +3.528673e+05 +2.268824e+06 -2.499258e+11 +5.830192e+10 -1.469744e+13 -1.593878e+15 +5.070094e+18 +7.235695e+18   +1.755399e-06 +1.473520e-06 -1.084729e-03 -2.250313e-02 -7.246843e-01 -2.022799e+02 +3.543005e+03 +5.133408e+05 -2.229248e+07 +7.064689e+09 +1.310916e+11 +9.699721e+12 -4.473303e+15 -6.424652e+16 -2.412849e+18   
Q20-136   +3.998000e+00   +9.128389e-07 -6.552929e-02 -1.612295e-03 -1.036195e-01 -2.372953e+00 +1.957096e+03 -3.631946e+02 +2.922824e+05 +1.145515e+07 -2.480685e+11 -1.539937e+11 +2.051220e+12 +7.622124e+14 +5.244885e+18 -1.037043e+18   +1.589220e-06 -1.815282e-05 -2.490746e-03 +2.412659e-02 +2.145637e+00 -1.273110e+02 +5.678937e+03 +8.638122e+04 -1.042330e+06 -2.919047e+09 -4.952209e+10 -1.759628e+13 -1.622985e+15 -7.344640e+15 -1.764412e+19   
Q20-139   +3.998300e+00   +2.162064e-06 -6.616297e-02 +1.712933e-03 -3.483353e-02 +1.836560e+00 +2.191283e+03 -8.375072e+03 +6.363384e+05 +3.338862e+07 -2.539862e+11 +1.093401e+11 +1.381667e+12 -2.120404e+15 +5.373264e+18 -1.665507e+19   +6.923800e-07 -5.121126e-06 -7.454946e-05 +3.093127e-02 -4.802814e-01 -3.229810e+02 -8.805577e+03 -2.120932e+04 +4.416610e+07 +4.727377e+09 -3.142010e+11 -3.222975e+13 +2.156253e+14 -2.977813e+17 +3.626531e+17   
Q20-140   +3.998250e+00   +2.353292e-06 -6.599392e-02 +1.617323e-03 -9.900229e-03 +1.707673e+00 +2.121351e+03 -5.324454e+03 -6.448279e+05 +8.831619e+07 -2.515521e+11 -2.346525e+11 +3.957034e+12 +3.218115e+15 +4.804034e+18 -4.179509e+18   +3.928596e-07 -1.837192e-05 +1.129468e-03 +4.391264e-02 +7.369574e-01 -2.584648e+02 -1.117363e+04 +2.812688e+05 -6.891743e+06 +4.623440e+09 +2.475426e+11 +1.028458e+13 -3.520945e+14 -2.543075e+17 +3.621074e+19   
Q20-142   +3.998200e+00   +2.339942e-06 -6.622105e-02 +1.224967e-03 -1.108802e-01 +1.657445e+00 +1.990020e+03 -3.941141e+03 +5.762951e+05 +4.067448e+07 -2.528105e+11 -1.595688e+10 -2.363174e+13 -1.538787e+15 +5.193097e+18 +4.195606e+18   +7.846751e-07 +1.065484e-06 +5.065242e-04 +4.909522e-03 -4.641654e-01 -2.277381e+02 -7.753094e+03 +2.724236e+05 +4.676124e+07 +2.262339e+09 +2.337384e+11 -5.701706e+12 -9.252694e+14 +9.096128e+16 +3.047501e+18   
Q20-149   +3.998200e+00   +6.227727e-07 -6.599600e-02 -4.122328e-03 -3.968178e-02 -2.731249e+00 +2.026397e+03 +8.753176e+03 +2.466592e+04 +5.113659e+06 -2.572995e+11 -2.371921e+11 +1.897239e+13 +2.413666e+14 +5.222233e+18 +1.477957e+19   -3.215379e-07 -9.931934e-06 +3.467145e-03 +1.205084e-02 +7.310622e-01 -2.747716e+02 -1.452528e+04 -1.951465e+04 +3.578438e+07 +3.653657e+09 +1.910431e+11 -5.052799e+12 +1.265960e+15 +7.821902e+16 +2.927780e+18   
Q20-153   +3.998450e+00   +1.856202e-06 -6.571704e-02 +9.805755e-05 -5.178359e-02 -2.716213e+00 +1.970534e+03 -2.980052e+03 -1.605782e+04 +1.319681e+06 -2.498487e+11 +1.413985e+11 +2.555373e+12 -1.400935e+15 +5.264840e+18 +7.005322e+18   +1.016377e-06 -9.149038e-06 -1.106820e-03 +4.682289e-04 +2.396847e+00 -1.222645e+02 -1.634337e+03 +9.998252e+05 +1.882128e+07 +3.542605e+09 +1.092145e+11 -2.184566e+13 -2.087642e+15 +8.080599e+16 +1.389959e+19   
Q20-162   +3.997950e+00   +2.186431e-06 -6.593352e-02 +1.749911e-03 -5.834983e-02 -4.729156e-01 +1.911918e+03 -9.279928e+03 +1.727094e+05 +9.396080e+06 -2.540252e+11 -2.750322e+10 +5.507202e+12 -2.479641e+14 +5.192178e+18 +7.600615e+18   -1.322613e-06 -2.068334e-05 +5.454916e-03 +2.547551e-02 -2.012064e+00 -6.639398e+01 -1.705984e+04 +1.345146e+05 +3.639528e+07 -1.838575e+08 -2.907120e+10 -5.520829e+12 +1.136561e+15 +2.477147e+16 +2.467827e+16   
Q20-176   +3.995950e+00   +1.587209e-06 -6.676765e-02 -8.597620e-04 -5.791617e-02 -8.782795e-01 +2.004225e+03 +3.629532e+03 +2.496997e+05 +2.814162e+07 -2.550720e+11 -2.162406e+11 -8.017087e+12 -1.468042e+15 +5.036199e+18 +1.617232e+18   +1.526079e-06 -3.364081e-06 -3.556111e-03 +9.734276e-03 +3.793096e+00 -1.323301e+02 +1.629041e+03 +2.465704e+05 +1.520930e+07 -3.178260e+08 +8.457503e+10 -6.494601e+12 -7.647383e+14 -2.155794e+16 -3.071215e+18   
