# multipoles are divided by excitation current and units are [T], [m] and [A]
# harmonics (dipole n=0): 00 01 02 03 04 05 06 07 08 09 10 11 12 13 14 
# MAG_LABEL   CURRENT[A]   <NORMAL_MULTIPOLES/CURRENT>[T/m^(n-1)/A]   <SKEW_MULTIPOLES/CURRENT>[T/m^(n-1)/A]
Q20-005   +6.999525e+01   -4.509256e-07 -5.918764e-02 -4.214942e-04 -7.375449e-02 -3.510795e-01 +2.109152e+03 -2.358553e+03 +1.631705e+05 -3.493800e+07 -2.332337e+11 +3.459766e+10 -2.692767e+12 +1.259183e+15 +4.672056e+18 +5.178773e+17   -1.763424e-07 -1.222188e-05 +6.600735e-04 +1.173323e-02 -9.187496e-01 -1.359729e+02 -7.683694e+02 -4.624135e+04 +1.719455e+07 +3.160646e+09 -7.353682e+09 -8.312857e+12 -5.579290e+14 -2.166110e+16 -1.363316e+17   
Q20-007   +6.999920e+01   +4.768156e-07 -5.921411e-02 -1.088700e-03 -8.110606e-02 -3.527890e-01 +2.343983e+03 +4.801291e+02 +2.366874e+05 +9.933912e+06 -2.330151e+11 +1.757546e+10 -1.452309e+13 -6.500069e+14 +4.630794e+18 +5.992313e+18   +3.222431e-07 -7.149140e-06 -6.038473e-04 +1.766037e-02 -5.051043e-01 -1.792968e+02 -1.087797e+03 +1.520737e+05 +1.767307e+07 +4.483211e+09 -7.353411e+10 +6.310228e+12 -1.174800e+14 -2.933645e+16 -3.330171e+18   
Q20-009   +6.999550e+01   +1.966988e-07 -5.920085e-02 -9.183516e-04 -1.225085e-01 -6.499261e-01 +2.310549e+03 -1.068736e+03 +2.661940e+05 +1.341202e+07 -2.335674e+11 -2.614541e+10 -3.486297e+12 -4.264958e+14 +4.706397e+18 +5.090644e+17   +2.137533e-07 -1.179887e-05 -4.756609e-04 +1.219763e-02 +5.521791e-01 -1.699315e+02 +3.441686e+02 +4.138327e+04 -3.670847e+05 +4.477315e+09 -3.923211e+08 -5.044824e+12 -5.494930e+13 -7.560432e+16 +1.545698e+18   
Q20-010   +6.999475e+01   +5.990758e-07 -5.919884e-02 -4.730159e-04 -1.027455e-01 -5.545289e-01 +2.292273e+03 -2.774940e+03 +8.732799e+04 +1.208698e+07 -2.324806e+11 +8.007906e+10 +8.706689e+11 -2.392275e+14 +4.721387e+18 -1.141071e+18   -2.594863e-08 -5.654115e-06 -7.676404e-04 +1.689630e-02 +1.592002e+00 -2.036870e+02 -1.204936e+02 +4.149154e+04 -1.155914e+07 +5.045501e+09 -2.163295e+10 -2.880975e+12 +2.124092e+14 -1.289884e+17 +3.357515e+17   
Q20-011   +6.999515e+01   +1.770576e-08 -5.918159e-02 -1.087655e-03 -8.261828e-02 -8.431541e-01 +2.358856e+03 -2.227247e+03 +1.204801e+05 +1.215824e+06 -2.327747e+11 +6.455680e+10 +4.024106e+11 +9.078439e+12 +4.718300e+18 -1.155652e+18   +4.798204e-07 -4.576244e-06 -1.229945e-03 -6.074194e-03 +1.285248e+00 -1.860012e+02 +2.086292e+03 +9.854406e+04 +4.978351e+06 +5.127564e+09 -3.648103e+10 -6.943598e+12 -7.342270e+13 -8.665315e+16 +9.655780e+17   
Q20-012   +6.999530e+01   +2.570034e-07 -5.919406e-02 -1.540591e-03 -1.293033e-01 -9.192481e-01 +2.323956e+03 +3.457864e+02 +3.083318e+05 +2.228171e+07 -2.339128e+11 -1.229050e+10 -6.088892e+12 -5.374102e+14 +4.750040e+18 -1.467231e+18   +3.834345e-07 -2.913501e-05 -1.243118e-03 +3.981646e-03 +1.480225e+00 -1.924665e+02 +1.510010e+03 +5.126900e+04 +8.056567e+06 +5.496328e+09 -1.815339e+10 -9.750088e+12 -4.099071e+14 -8.351131e+16 -7.755171e+17   
Q20-013   +6.999445e+01   +4.468081e-07 -5.917216e-02 -6.313832e-04 -8.246800e-02 -4.331253e-03 +2.312102e+03 -1.910124e+03 -2.417513e+04 +2.087416e+07 -2.342904e+11 +1.445297e+11 +1.002464e+13 -6.694598e+14 +4.762995e+18 -1.907684e+18   +4.481482e-07 -2.122305e-05 -1.001997e-03 +3.206010e-02 +1.543678e-01 -2.453107e+02 -3.862906e+02 -6.121974e+04 +1.207628e+07 +6.867965e+09 -9.847505e+09 -9.192135e+12 -3.756942e+14 -1.882962e+17 -4.165156e+17   
Q20-014   +6.999485e+01   +3.787930e-07 -5.919303e-02 +6.854331e-05 -6.751398e-02 +9.132850e-01 +2.281044e+03 -4.183081e+03 +1.675239e+05 +1.307467e+07 -2.335558e+11 +8.593217e+10 -4.089462e+11 -2.767168e+14 +4.747676e+18 +1.327234e+18   +1.121713e-07 -2.770364e-05 -3.357838e-04 +4.322459e-02 -4.152931e-01 -1.817974e+02 +7.186650e+02 -9.207706e+04 -9.578459e+06 +4.294303e+09 +1.245700e+10 -3.667547e+12 -1.317153e+14 -9.661304e+16 +1.037893e+18   
Q20-015   +6.999465e+01   +2.978541e-07 -5.919567e-02 -1.349767e-03 -1.042707e-01 -4.072394e-01 +2.303460e+03 +9.661730e+02 +8.277434e+04 +7.952212e+06 -2.343236e+11 -4.341458e+08 -2.323990e+12 -3.216123e+14 +4.742652e+18 +1.079845e+18   +3.714327e-07 -7.276870e-06 -1.411496e-03 +9.313958e-03 +6.401889e-01 -2.242323e+02 +3.108849e+03 -3.591274e+04 +1.057378e+05 +5.492251e+09 -7.276900e+09 -8.672809e+11 +7.932975e+13 -1.097729e+17 +1.604944e+18   
Q20-016   +6.999650e+01   -2.753856e-08 -5.918333e-02 -1.844482e-03 -5.763988e-02 -6.091340e-01 +2.330647e+03 +1.201009e+03 +6.654951e+04 -1.393894e+05 -2.325595e+11 -5.761635e+09 -2.964062e+12 +1.571819e+14 +4.658977e+18 +2.975596e+17   +5.492250e-07 -2.083910e-05 -1.181023e-03 +1.156412e-02 +8.319102e-01 -2.657693e+02 +1.489654e+03 +2.290367e+05 +9.550316e+06 +7.742651e+09 +4.526538e+10 -1.045626e+13 -1.304814e+14 -2.033682e+17 -4.783472e+18   
Q20-021   +6.999625e+01   +9.062553e-07 -5.916158e-02 -5.595257e-04 -9.709399e-02 -6.557984e-01 +2.268684e+03 -1.389900e+03 +3.317836e+05 +4.285068e+07 -2.334244e+11 +1.251563e+09 -1.051396e+13 -9.552547e+14 +4.736787e+18 +2.550758e+18   +7.253189e-07 +2.327870e-07 -1.853586e-03 +2.947844e-02 +1.989921e+00 -2.428376e+02 +2.777379e+03 -2.436415e+05 +2.002052e+06 +8.065606e+09 -2.433112e+10 -2.295839e+12 -5.536935e+14 -2.523825e+17 +4.163216e+18   
Q20-022   +6.999505e+01   +2.303970e-07 -5.912801e-02 -8.793326e-04 -9.888401e-02 +1.059553e-01 +2.243512e+03 -1.455144e+03 +9.524205e+04 -1.017525e+06 -2.327966e+11 +4.261660e+09 -1.023751e+12 -4.244593e+14 +4.668862e+18 -8.487466e+17   +4.063977e-08 -1.212002e-05 +3.257283e-04 +1.565781e-03 -9.423231e-03 -2.080584e+02 +5.636346e+02 -3.356903e+03 -7.217946e+06 +4.631803e+09 -1.981994e+10 -8.843938e+12 +1.111818e+14 -2.985057e+16 +2.576664e+18   
Q20-023   +6.999500e+01   +1.999834e-07 -5.915363e-02 -1.358658e-03 -6.203325e-02 -1.668848e-01 +2.349571e+03 -1.707685e+02 -1.028721e+05 +1.256916e+07 -2.342009e+11 +3.320730e+10 +2.730672e+12 -4.419360e+14 +4.714748e+18 -2.265579e+18   +5.028011e-07 -1.287536e-05 -1.136868e-03 +3.306760e-02 +1.393685e+00 -2.263462e+02 +2.146263e+03 -1.885150e+05 +6.498371e+06 +5.051477e+09 -4.405070e+10 +2.938707e+12 +1.167304e+14 -5.670645e+16 +2.009548e+18   
Q20-026   +6.999580e+01   +2.715230e-07 -5.916914e-02 -2.045237e-03 -3.432289e-02 -2.058462e+00 +2.306107e+03 +1.049730e+03 +1.078119e+05 +2.960532e+07 -2.340040e+11 -1.369129e+10 -2.676578e+12 -9.344499e+14 +4.709755e+18 +1.078581e+18   +3.734574e-07 -2.060521e-05 -2.073077e-04 +7.526374e-03 -2.341729e-01 -1.501654e+02 +5.356593e+02 -5.056838e+03 +2.217210e+07 +3.301008e+09 +4.901668e+10 -3.272945e+11 -1.025578e+15 -3.371834e+16 +2.292862e+17   
Q20-027   +6.999635e+01   +5.105006e-07 -5.918009e-02 -1.282251e-03 -8.450258e-02 -4.596173e-01 +2.297786e+03 -1.076676e+03 +1.136616e+05 +2.181757e+07 -2.326348e+11 +4.113957e+10 -1.298639e+12 -6.769592e+14 +4.711379e+18 -1.818812e+18   +9.386589e-08 -2.020535e-05 +2.830745e-05 +1.496481e-02 +2.813841e-01 -2.018845e+02 -2.296073e+02 +1.845110e+05 +1.291628e+07 +6.304459e+09 -1.898623e+08 -8.383113e+12 -4.664350e+14 -1.616181e+17 -2.093042e+16   
Q20-028   +6.999535e+01   +1.188383e-07 -5.917572e-02 -1.222337e-03 -8.159619e-02 -6.883254e-01 +2.276823e+03 -2.766674e+03 -1.527966e+04 +2.867270e+07 -2.322757e+11 +5.223634e+10 +3.734792e+12 -6.815637e+14 +4.703235e+18 -1.561345e+18   +2.239330e-07 -1.681670e-05 -1.874182e-04 +2.289532e-02 +8.982204e-02 -1.787502e+02 -1.423664e+03 +1.157729e+05 +1.854707e+07 +3.317455e+09 +3.600949e+10 -8.520883e+12 -2.989969e+14 -2.018493e+16 +9.252519e+17   
Q20-033   +6.999550e+01   +6.372438e-07 -5.915370e-02 -1.007859e-03 -8.351191e-02 -6.916330e-01 +2.305921e+03 -1.267224e+03 +9.537532e+04 +1.993831e+07 -2.336007e+11 -6.235724e+09 +7.073163e+11 -4.773204e+14 +4.753898e+18 +6.469307e+17   +4.660512e-07 -1.495503e-05 -1.005528e-03 +2.125175e-02 +1.212086e+00 -1.391165e+02 +6.290377e+02 -4.569672e+04 +1.967512e+07 +4.813025e+09 +1.513680e+10 -6.800833e+12 -9.704548e+14 -5.886967e+16 -4.064278e+18   
Q20-034   +6.999500e+01   +2.493954e-07 -5.913771e-02 -9.907543e-04 -8.568813e-02 -1.127731e+00 +2.292057e+03 -1.265096e+03 +4.702780e+04 +1.186573e+07 -2.333262e+11 -8.063500e+09 +1.518118e+12 -4.387586e+14 +4.727008e+18 +2.252601e+18   +7.738646e-07 -2.275723e-05 -3.735053e-03 +1.068970e-02 +3.083829e+00 -1.893207e+02 +8.304090e+03 +1.490322e+04 -1.239821e+06 +1.484800e+09 -8.245793e+10 -9.674330e+12 -2.691148e+14 +1.309858e+16 -3.911947e+17   
Q20-035   +6.999555e+01   +3.938242e-07 -5.914503e-02 -1.823992e-03 -6.284928e-02 -1.231141e+00 +2.298225e+03 +7.267136e+02 +1.220544e+04 +2.645812e+07 -2.326794e+11 -4.005862e+10 -1.482929e+12 -7.845179e+14 +4.686069e+18 -3.592314e+17   +2.088163e-07 -1.942812e-05 -2.287414e-04 +2.627347e-02 +1.871596e-01 -1.394939e+02 -1.438873e+02 +9.313372e+04 +6.033171e+06 +5.636203e+09 +1.577555e+10 -8.805578e+12 -3.171049e+14 -1.131349e+17 +2.600884e+16   
Q20-036   +6.999515e+01   +4.797437e-07 -5.920600e-02 -8.037505e-04 -8.136392e-02 -6.373392e-01 +2.250967e+03 -1.343053e+03 +3.348631e+05 -2.384108e+05 -2.308576e+11 -4.213695e+10 -1.045240e+13 +4.036751e+14 +4.616714e+18 +5.048928e+18   +7.480300e-07 -2.186712e-05 -1.369221e-03 +2.668993e-02 +1.639198e-01 -1.900379e+02 +5.428510e+03 -1.005735e+05 +1.418103e+07 +6.777944e+09 -1.427698e+11 +7.867735e+12 -8.433719e+14 -1.229810e+17 +3.583428e+18   
Q20-038   +6.999470e+01   +5.511657e-07 -5.917662e-02 -1.508873e-03 -9.718413e-02 -9.588937e-01 +2.309663e+03 -1.133686e+03 +9.240345e+04 +1.156400e+07 -2.329229e+11 +7.334794e+10 -9.996651e+11 -8.838056e+14 +4.690015e+18 +1.051989e+17   +2.896736e-07 -2.480401e-05 -9.417900e-05 +3.087234e-02 -9.566817e-02 -1.853343e+02 +2.439770e+03 +1.705405e+05 +1.041891e+07 +3.271851e+09 -7.253609e+10 -1.429647e+13 +1.594825e+13 -4.287865e+15 +4.137998e+18   
Q20-039   +6.999490e+01   +9.472133e-07 -5.916820e-02 -6.606147e-04 -5.114651e-02 -1.821728e-01 +2.313517e+03 -3.082100e+03 -1.480168e+05 +2.719171e+07 -2.337229e+11 +6.858011e+10 +7.388691e+12 -8.640637e+14 +4.729947e+18 -2.167442e+18   +1.267857e-07 -9.055078e-06 -2.561854e-04 +2.949301e-02 +4.459485e-01 -1.703544e+02 -2.499116e+01 -1.535226e+04 +1.287097e+07 +2.867819e+09 -2.971892e+10 -9.554475e+12 -7.089747e+14 +2.647164e+15 +2.035518e+18   
Q20-041   +6.999575e+01   +5.997570e-07 -5.913566e-02 -1.406376e-03 -6.839932e-02 -4.214527e-01 +2.252465e+03 +1.429550e+03 +3.321869e+05 +3.740483e+07 -2.322447e+11 +4.275954e+09 -9.135213e+12 -1.244079e+15 +4.691918e+18 +1.951668e+18   +5.119665e-07 -3.065106e-06 -8.781762e-04 +1.217587e-02 +1.234902e+00 -2.467490e+02 +2.150022e+03 +1.079405e+05 +1.483689e+07 +7.476150e+09 +3.284842e+10 -9.114499e+12 -3.822645e+14 -2.058659e+17 -4.215957e+18   
Q20-044   +6.999450e+01   +7.106048e-07 -5.914278e-02 -1.453650e-03 -9.793191e-02 -1.284320e+00 +2.326363e+03 +1.356374e+03 +1.284241e+05 +2.490599e+07 -2.333323e+11 -2.670768e+10 -2.350369e+12 -6.664474e+14 +4.749820e+18 +2.395487e+18   +7.186673e-07 -1.757067e-05 -2.249485e-03 +2.448395e-03 +2.148475e+00 -1.942085e+02 +5.581563e+03 +1.290742e+04 -1.882795e+06 +4.316102e+09 -1.103464e+11 -6.958641e+12 -7.083532e+13 -1.237691e+17 +5.632088e+18   
Q20-045   +6.999555e+01   +8.139107e-07 -5.912607e-02 -8.952986e-04 -6.098239e-02 -5.230684e-01 +2.334913e+03 -1.303739e+02 +1.299210e+05 +3.355172e+07 -2.330485e+11 +6.323048e+09 +2.506392e+12 -8.044566e+14 +4.759131e+18 +7.317807e+17   +5.794857e-07 -8.915448e-06 -1.552129e-03 +3.521557e-02 +1.371837e+00 -2.098331e+02 +2.643099e+03 +1.475981e+05 +6.061871e+05 +7.119921e+09 -1.500555e+10 -1.678917e+13 -3.121234e+13 -1.245113e+17 -9.507856e+17   
Q20-048   +6.999525e+01   +4.566417e-07 -5.909367e-02 -1.329709e-04 -2.057157e-02 +8.955542e-01 +2.269315e+03 -3.951777e+02 -2.032988e+04 +6.518604e+06 -2.304741e+11 +7.041386e+08 +2.817373e+12 -1.364799e+14 +4.639842e+18 +2.615099e+18   +1.100590e-07 -1.014675e-05 +5.571512e-04 +3.399386e-03 -1.176798e+00 -8.613544e+01 +5.489887e+02 +2.581718e+04 +2.253910e+07 +1.502459e+08 -1.251120e+10 -2.822734e+12 -5.039588e+14 +7.814503e+16 +2.172376e+18   
Q20-049   +6.999500e+01   +6.073448e-07 -5.910431e-02 -3.906818e-04 -8.506965e-02 +9.937840e-01 +2.296595e+03 -1.744982e+03 +1.614194e+05 +1.290760e+07 -2.307379e+11 +8.711788e+10 +2.073355e+12 +4.265018e+14 +4.650961e+18 -3.745443e+18   +6.833065e-07 -1.776550e-05 -2.208263e-03 +1.191879e-02 +1.662542e+00 -1.358001e+02 +3.158500e+03 +1.126873e+04 +6.680541e+06 +3.561487e+09 -1.651224e+10 -1.369862e+12 -7.621432e+13 -5.239794e+16 +3.071125e+17   
Q20-051   +6.999540e+01   +5.051666e-07 -5.905935e-02 -1.165730e-03 -5.319864e-02 +3.213023e-01 +2.314744e+03 +2.551165e+03 +2.981663e+04 +2.278911e+07 -2.294539e+11 -2.607891e+10 -1.455984e+11 -6.156877e+14 +4.631843e+18 +1.226560e+18   +4.715390e-07 -1.836181e-05 -8.230119e-04 +3.915259e-03 +1.047084e+00 -1.482332e+02 +8.888156e+02 +1.672623e+05 +9.069857e+06 +3.350607e+09 -2.318337e+10 -9.315484e+12 -2.323874e+14 -3.298508e+15 +2.150571e+17   
Q20-053   +6.999685e+01   +7.880450e-07 -5.910725e-02 -1.277541e-03 -9.030804e-02 +4.226059e-01 +2.278177e+03 -6.474566e+02 +3.318412e+05 +1.727429e+07 -2.299172e+11 +5.534432e+10 -8.072538e+12 -5.987604e+14 +4.672620e+18 -2.097540e+18   +1.903209e-07 -2.075443e-05 -9.216459e-04 +1.565273e-02 +1.995271e+00 -1.574488e+02 +1.797725e+03 +2.006462e+05 +5.157728e+06 +3.730071e+09 -6.330191e+10 -8.042326e+12 -4.249818e+14 -5.850659e+16 +1.678088e+18   
Q20-055   +6.999555e+01   +5.514883e-07 -5.909779e-02 -1.239873e-03 -3.002395e-02 -6.924503e-01 +2.283718e+03 +1.240789e+03 -5.811881e+04 +3.317942e+07 -2.310728e+11 +1.794388e+10 +4.743252e+12 -1.014505e+15 +4.686092e+18 -1.484336e+18   +4.535721e-08 -1.426944e-05 +3.683827e-04 -2.668855e-03 +2.118579e-02 -1.502713e+02 -3.674464e+03 +5.954260e+04 -1.478123e+06 +3.395302e+09 +7.454020e+10 -4.537231e+12 -1.830704e+14 -1.313695e+16 -2.338244e+18   
Q20-057   +6.999565e+01   +5.883314e-07 -5.906308e-02 -1.257346e-03 -6.185237e-02 -1.038639e+00 +2.295025e+03 -2.712089e+02 +6.813476e+04 +2.469646e+07 -2.310694e+11 -3.151283e+10 +2.037714e+12 -9.247618e+14 +4.664857e+18 +1.737042e+18   +4.009273e-07 -1.021736e-05 -2.198499e-04 +7.086322e-03 +1.138445e+00 -1.017001e+02 -1.359823e+03 +2.233715e+05 +7.692225e+06 +5.766733e+08 +1.250911e+10 -1.262987e+13 -4.065021e+14 +1.004080e+17 +9.456688e+17   
Q20-061   +6.999440e+01   +4.973278e-07 -5.917459e-02 -5.423515e-05 -5.798784e-02 +6.247013e-01 +2.293373e+03 -3.281927e+03 -1.589171e+04 +7.515023e+06 -2.321091e+11 +6.902822e+10 +4.175611e+12 -2.994407e+14 +4.725552e+18 +1.591007e+18   +3.581982e-07 +1.556490e-05 -1.376459e-03 +4.169164e-04 +4.603573e-01 -2.919991e+02 +8.983877e+02 -4.747903e+03 +1.079053e+07 +7.908218e+09 -7.691020e+10 -8.032537e+12 -2.697726e+14 -1.424096e+17 +4.296301e+18   
Q20-063   +6.999495e+01   +1.377791e-07 -5.911925e-02 -4.841726e-04 -5.927969e-02 +3.354358e-01 +2.243475e+03 -2.155248e+03 +2.664511e+04 -1.297961e+06 -2.283353e+11 +8.319679e+10 +5.897733e+12 -1.057900e+14 +4.604888e+18 +9.721927e+17   +3.058999e-07 -9.843246e-06 -1.138147e-03 +9.101158e-03 +1.271743e+00 -1.999156e+02 +1.321117e+03 +1.249527e+05 +1.511660e+07 +3.391673e+09 -6.800675e+09 -1.167842e+13 -1.013523e+15 +6.929963e+16 +1.310561e+18   
Q20-065   +6.999505e+01   +5.981787e-07 -5.912525e-02 -1.041599e-03 -4.948596e-02 -8.790412e-01 +2.293836e+03 -6.934650e+02 +1.334165e+04 +1.500073e+07 -2.291939e+11 -3.446025e+10 +3.713484e+11 -4.627879e+14 +4.625267e+18 +1.721943e+18   +4.711040e-07 -1.799292e-05 -1.149008e-03 +1.203226e-02 +6.328800e-01 -1.778614e+02 +2.023362e+03 -3.079622e+04 +2.396718e+07 +2.627589e+09 -5.143027e+09 -2.105882e+12 -7.718762e+14 +4.571656e+16 +8.370702e+16   
Q20-066   +6.999355e+01   +8.568208e-07 -5.911982e-02 -4.572210e-04 -1.663849e-02 -4.175510e-02 +2.267896e+03 +1.283851e+03 -5.762745e+04 +2.522520e+07 -2.306430e+11 +5.681996e+09 -1.262130e+12 -8.343977e+14 +4.643818e+18 -1.726783e+18   +2.247990e-07 -1.237742e-05 +4.946293e-04 +1.801932e-02 -1.864715e-01 -2.023931e+02 -4.372447e+03 +2.686372e+05 -7.588956e+05 +4.468985e+09 +7.820559e+10 -7.175157e+12 -4.298325e+13 -5.106313e+15 -1.281302e+18   
Q20-068   +6.999535e+01   +6.052592e-07 -5.915367e-02 -1.086316e-03 -4.477045e-02 +5.649015e-01 +2.314009e+03 -4.036584e+02 +7.436248e+04 +2.107631e+07 -2.309043e+11 +7.804770e+10 +1.998797e+12 -8.778639e+13 +4.611975e+18 -3.123423e+18   +2.527336e-07 -1.876772e-05 -3.112455e-04 +6.381838e-03 +4.504919e-02 -2.392002e+02 +5.202713e+02 +2.227705e+05 +4.110863e+06 +6.609343e+09 -7.932023e+09 -9.726148e+12 -1.904201e+14 -9.457058e+16 +3.610403e+18   
Q20-069   +6.999440e+01   -2.010204e-07 -5.911474e-02 -8.075616e-04 -1.071097e-01 +5.200413e-03 +2.270144e+03 +5.686286e+03 +3.905695e+05 -7.675250e+06 -2.307702e+11 -1.210345e+11 -1.740161e+13 +5.003890e+12 +4.676818e+18 +4.658606e+18   +4.779254e-07 +2.095520e-05 -9.200790e-04 +1.599168e-02 +2.958157e-01 -1.853171e+02 +2.196000e+02 +1.279185e+05 +6.222574e+06 +4.257719e+09 +7.160690e+10 -4.589216e+12 -2.122971e+14 -4.528758e+16 -2.160746e+18   
Q20-071   +6.999450e+01   +7.438950e-07 -5.914396e-02 +2.350089e-04 -8.810714e-02 +3.107313e-01 +2.306834e+03 -2.404150e+03 +2.320021e+05 +2.279806e+07 -2.311267e+11 +6.848820e+10 -5.425438e+12 -8.796693e+14 +4.637880e+18 +1.651663e+17   +4.116108e-07 +5.828341e-06 +7.373948e-04 +9.528856e-03 -1.984310e+00 -1.912877e+02 -3.233453e+03 +7.529589e+04 +1.990179e+07 +4.557291e+09 +1.738132e+11 -8.122128e+12 -3.352603e+14 -3.531095e+16 -3.704683e+18   
Q20-073   +6.999455e+01   +9.568838e-07 -5.915329e-02 -3.987045e-04 -8.060748e-02 +3.292959e-01 +2.316456e+03 -1.204200e+03 +2.256136e+05 +2.522428e+07 -2.341815e+11 -6.300833e+10 -2.090530e+12 -5.186730e+14 +4.810430e+18 +4.591075e+18   +3.295408e-07 +2.661060e-05 -4.456267e-05 +1.400417e-02 -8.002962e-01 -1.951518e+02 +2.178095e+03 -1.660676e+04 +1.810071e+07 +5.389180e+09 -1.865610e+10 -4.573499e+12 -6.219917e+14 -1.202022e+17 +2.200676e+18   
Q20-074   +6.999450e+01   +5.597094e-07 -5.914798e-02 -1.330328e-03 -6.605573e-02 -3.162246e-01 +2.269151e+03 -1.195834e+03 +2.078389e+05 +3.082385e+07 -2.326151e+11 +5.711587e+10 -2.269835e+12 -2.929894e+14 +4.721495e+18 -1.551921e+18   +3.498048e-07 +2.509623e-06 -1.825232e-04 +1.453574e-02 +9.148537e-03 -1.991981e+02 +4.525451e+03 -6.899574e+04 +1.412445e+07 +4.475505e+09 -1.341998e+11 -1.604217e+12 -2.920908e+14 -7.015185e+16 +5.614471e+18   
Q20-076   +6.999450e+01   +7.264132e-07 -5.913333e-02 -1.078156e-03 -3.409078e-02 -1.772479e-01 +2.204942e+03 +2.676843e+02 +7.399559e+04 +2.580388e+07 -2.325556e+11 -6.865904e+09 -1.184395e+11 -6.025465e+14 +4.738705e+18 +1.745829e+18   -1.070661e-07 +2.062168e-05 -3.263898e-04 +3.314116e-02 -5.097513e-02 -2.471350e+02 +6.348835e+01 +3.371501e+05 -1.322448e+07 +8.458707e+09 -3.217621e+10 -1.484732e+13 +2.024753e+13 -1.949583e+17 +2.694913e+18   
Q20-077   +6.999490e+01   +1.718459e-07 -5.912439e-02 -7.923024e-04 -5.275747e-02 -1.248526e+00 +2.263662e+03 -1.558689e+03 +5.191028e+04 +1.159798e+07 -2.327098e+11 +7.757762e+10 +5.222302e+11 -3.512400e+14 +4.742723e+18 -2.299176e+18   +2.368970e-07 -1.216398e-05 -6.313533e-04 +2.001599e-02 +1.036407e+00 -1.827542e+02 +2.204848e+02 -4.473673e+04 -2.558589e+06 +2.975968e+09 +2.500862e+10 -1.443002e+12 -2.221718e+13 -2.689726e+16 -8.019481e+17   
Q20-078   +6.999470e+01   +6.227540e-07 -5.911703e-02 -9.648599e-04 -7.613601e-02 +4.080712e-01 +2.248392e+03 +1.661797e+03 -8.259718e+04 +3.481922e+07 -2.290756e+11 -6.280846e+10 +3.102732e+12 -7.962336e+14 +4.598072e+18 +3.115697e+18   +5.246539e-07 -1.047861e-05 -9.102791e-04 +2.399862e-02 +2.106285e-01 -2.612228e+02 +3.726321e+03 +3.061570e+04 +3.443248e+06 +6.562997e+09 -7.520255e+09 -1.245172e+13 +4.658048e+14 -1.712517e+17 -4.305553e+18   
Q20-080   +6.999465e+01   +5.681230e-07 -5.910205e-02 -8.686027e-04 -8.333224e-02 -5.073706e-01 +2.300673e+03 +1.182271e+03 +2.142845e+05 +1.350786e+07 -2.332645e+11 +3.908020e+10 -3.625376e+12 -9.316944e+14 +4.739752e+18 -1.074531e+18   +3.913378e-08 +9.401663e-06 -7.745585e-04 +6.390843e-03 +1.192483e+00 -1.702072e+02 -6.623653e+02 +1.539078e+05 -3.806281e+06 +5.067423e+09 +8.565843e+09 -6.434366e+12 +3.129566e+14 -7.841151e+16 -1.714777e+17   
Q20-081   +6.999460e+01   +5.213365e-07 -5.912963e-02 -6.999851e-04 -5.613096e-02 -4.402855e-01 +2.217401e+03 -6.887688e+01 +1.916134e+05 +3.526285e+07 -2.317007e+11 -7.924928e+10 -5.219224e+12 -9.509835e+14 +4.734505e+18 +8.329848e+18   +3.963389e-07 +4.898425e-06 -1.838702e-03 +1.917054e-02 +1.520032e+00 -2.508922e+02 +1.725367e+03 -1.097033e+05 -1.330295e+07 +8.347677e+09 -7.424251e+10 +2.055436e+12 +6.265368e+14 -2.410623e+17 +8.780562e+17   
Q20-082   +6.999465e+01   +2.436851e-07 -5.914309e-02 -1.803161e-04 -6.455571e-02 +5.566164e-01 +2.183397e+03 -3.434141e+03 +3.326183e+05 -7.861254e+05 -2.325848e+11 +1.282645e+11 -1.360938e+13 -9.707149e+12 +4.757008e+18 -3.337111e+18   -2.127833e-08 +4.445778e-06 -1.103399e-03 +1.997804e-02 +1.304526e+00 -1.856215e+02 +3.992325e+03 +1.224351e+05 -2.000176e+07 +5.436588e+09 -1.195990e+11 -1.265928e+13 +7.983123e+14 -1.173187e+17 +4.860953e+18   
Q20-083   +6.999315e+01   +6.927004e-08 -5.910688e-02 -1.093658e-03 -7.045154e-02 -5.071911e-01 +2.199149e+03 -2.947694e+02 +1.322350e+05 +1.118374e+07 -2.307059e+11 +2.200070e+10 -4.731307e+12 -1.368253e+14 +4.736311e+18 +1.449386e+18   +3.830662e-07 -2.244577e-05 -1.294137e-03 +2.099370e-02 +1.100926e+00 -1.654192e+02 +2.919139e+03 -4.838429e+04 -7.886409e+06 +2.752495e+09 -1.056638e+11 -5.142223e+12 +1.676403e+14 +5.910153e+15 +3.877314e+18   
Q20-086   +6.999570e+01   +7.130588e-07 -5.913830e-02 +1.558939e-04 -5.346541e-02 +2.527804e-01 +2.228820e+03 -3.543415e+03 -1.250991e+03 +1.232137e+07 -2.323796e+11 -2.232674e+09 -1.562352e+12 -4.363169e+14 +4.791314e+18 +4.275348e+17   +3.150311e-07 -5.856794e-06 -9.085012e-04 +5.067718e-03 +6.748132e-01 -1.675750e+02 +2.167510e+03 +1.084328e+05 +6.601013e+06 +2.831205e+09 -6.848432e+10 -7.692984e+12 -4.726820e+14 -6.493523e+15 -6.505244e+17   
Q20-087   +6.999480e+01   +7.229100e-07 -5.913676e-02 -4.615124e-04 -7.357312e-02 -3.218326e-01 +2.197450e+03 -2.964649e+03 +6.414878e+04 +2.678803e+07 -2.298935e+11 +9.756106e+10 -3.076704e+12 -9.547786e+14 +4.668088e+18 -3.087159e+18   +2.498873e-07 -2.101903e-05 -1.436534e-03 +1.377056e-02 +2.070932e+00 -1.505362e+02 +4.063065e+02 +2.594704e+05 -4.448528e+06 +1.635557e+09 +2.627504e+10 -1.474345e+13 -2.016407e+14 +3.969816e+16 -1.742699e+18   
Q20-088   +6.999490e+01   +9.587467e-07 -5.909433e-02 -2.831009e-04 -2.549643e-02 -4.075345e-01 +2.243332e+03 -1.298206e+03 +4.638135e+04 +2.362651e+07 -2.291364e+11 -5.650690e+09 -1.238339e+12 -6.115364e+14 +4.578811e+18 +9.310177e+17   +4.448351e-07 -2.174804e-05 -1.522525e-03 +3.459995e-02 +1.644284e+00 -2.243783e+02 +3.358215e+03 -2.255230e+05 -3.175360e+06 +4.965319e+09 -1.002754e+11 -3.425622e+11 -1.120023e+14 -3.795902e+16 +2.946745e+18   
Q20-090   +6.999425e+01   +4.893392e-07 -5.912547e-02 -7.855351e-04 -7.204743e-03 -7.956412e-02 +2.213908e+03 -1.006503e+03 -1.080848e+05 +1.405665e+07 -2.309688e+11 +1.654206e+11 +5.816682e+12 -9.832723e+14 +4.672802e+18 -5.258681e+18   +1.692799e-08 -1.200820e-05 -5.761012e-05 +1.191594e-02 +4.918010e-01 -1.404984e+02 -4.353086e+03 -5.429305e+03 +7.683954e+06 +2.324925e+09 +2.239850e+10 -1.747212e+13 -5.294481e+14 -2.503027e+16 -7.036889e+17   
Q20-091   +6.999325e+01   -3.441743e-07 -5.915996e-02 -1.130857e-03 -4.353870e-02 -3.178001e-02 +2.161007e+03 +1.754731e+03 +6.993704e+04 -2.522989e+06 -2.261932e+11 -1.796718e+10 +3.674539e+12 +1.563402e+14 +4.495211e+18 +5.451719e+16   +1.021399e-07 -4.710026e-06 -6.659244e-04 +7.266294e-03 +4.578144e-01 -2.121943e+02 +1.614983e+03 -1.214760e+05 -8.931803e+06 +4.191410e+09 +9.002408e+10 +2.685086e+12 +1.232870e+15 +6.923895e+16 -5.428693e+18   
Q20-092   +6.999475e+01   +6.768986e-08 -5.911196e-02 -1.524509e-03 -6.585397e-02 -4.965437e-01 +2.243180e+03 +2.501586e+03 -1.734957e+04 +1.073331e+07 -2.308220e+11 -5.091430e+10 -7.057764e+11 -4.443742e+14 +4.649277e+18 +2.672138e+18   +2.498763e-07 -2.034023e-05 -1.015941e-03 +1.292114e-02 +1.314893e+00 -1.274030e+02 +4.204121e+03 +9.309598e+04 +1.322439e+07 +1.161243e+09 -6.426849e+10 -7.737702e+12 -6.427964e+13 +2.254382e+16 -1.798663e+18   
Q20-094   +6.999375e+01   +4.121111e-07 -5.909931e-02 -2.053889e-03 -4.829473e-02 +2.514870e-02 +2.247165e+03 +1.130450e+03 -8.030288e+04 +1.467805e+07 -2.294373e+11 +2.576659e+10 +6.099167e+12 -4.396730e+13 +4.616065e+18 -1.165957e+18   +6.349734e-07 -9.566694e-06 -1.923350e-03 +2.229869e-02 +1.855803e+00 -1.919511e+02 +4.236948e+03 +1.766773e+05 +1.836888e+07 +5.443723e+09 -5.296307e+10 -9.645445e+12 -8.643225e+14 -8.432056e+16 -1.044811e+18   
Q20-098   +6.999660e+01   +6.664457e-07 -5.912479e-02 -2.641400e-05 -5.832890e-02 -6.119447e-02 +2.236549e+03 -3.866101e+03 -5.062246e+04 +1.191995e+07 -2.314937e+11 +1.325000e+11 +3.530710e+12 -1.153273e+15 +4.687679e+18 -3.125138e+18   +4.048438e-08 -1.010499e-05 -1.343884e-04 +1.135974e-02 +1.429214e-01 -1.034377e+02 +7.835248e+02 +2.591803e+05 +8.879726e+06 +2.174924e+09 +3.493050e+10 -1.065400e+13 +4.248876e+14 -1.111574e+16 -1.173409e+18   
Q20-102   +6.999465e+01   +5.578598e-07 -5.913941e-02 -2.127024e-04 -3.645996e-02 -1.012704e-01 +2.100362e+03 -2.039462e+03 -1.250850e+05 +1.300253e+07 -2.289165e+11 +3.121729e+10 +3.700511e+12 -9.294750e+14 +4.687230e+18 -3.040647e+17   +3.722227e-07 +2.106351e-05 -1.265834e-03 +1.566021e-02 +8.013654e-01 -3.312325e+02 +3.300945e+03 +1.321888e+05 +2.470930e+06 +1.010888e+10 -1.188205e+11 -9.284735e+12 +5.049989e+13 -2.722737e+17 +2.308265e+18   
Q20-106   +6.999725e+01   +3.238913e-07 -5.921063e-02 -1.673860e-04 -3.745496e-02 +1.325738e-01 +2.239152e+03 -2.066860e+03 -1.776956e+04 -2.942493e+05 -2.332030e+11 +3.599947e+10 -1.035154e+11 -3.854033e+14 +4.623023e+18 +3.321506e+17   +2.170961e-07 -1.079602e-05 -6.255120e-04 +1.499903e-02 +2.163315e-01 -1.883783e+02 +4.076370e+03 +2.900834e+05 +1.611363e+07 +4.942057e+09 +4.302545e+10 -6.106186e+12 -2.905757e+14 -7.139548e+16 +4.200632e+18   
Q20-115   +6.999395e+01   +4.074769e-07 -5.911555e-02 -1.072917e-03 -3.940942e-02 +7.754812e-01 +2.211743e+03 -3.521426e+02 -1.251991e+05 -1.513651e+07 -2.291818e+11 +1.247265e+11 +1.127607e+13 +4.288852e+14 +4.591548e+18 -6.374088e+18   +5.731671e-07 -1.706772e-05 -1.237556e-03 +6.384376e-03 +1.826752e+00 -1.670559e+02 -1.882546e+03 +1.479272e+05 +1.142758e+07 +5.106940e+09 +1.407257e+11 -5.708692e+12 -5.538409e+14 -1.347124e+17 -6.700633e+18   
Q20-118   +6.999390e+01   +5.247632e-07 -5.914067e-02 -9.759943e-04 -3.211657e-02 -5.500479e-01 +2.309638e+03 -1.314927e+03 +1.055333e+05 +1.686097e+07 -2.295939e+11 +5.742235e+10 +2.137949e+12 -1.650901e+14 +4.627543e+18 +1.006817e+18   +3.818457e-07 -2.134332e-05 -1.311640e-03 +2.130994e-02 +1.795695e+00 -1.151732e+02 +2.256588e+03 -7.607434e+04 -5.943416e+06 +1.622100e+09 -6.240445e+10 -4.846348e+12 +2.834213e+14 +5.348083e+16 +3.442113e+18   
Q20-120   +6.999340e+01   +1.859838e-07 -5.912037e-02 -1.035058e-03 -7.444485e-03 -8.761315e-01 +2.228333e+03 +2.800860e+03 -1.524802e+05 +3.159131e+07 -2.274616e+11 -1.941089e+11 +1.128787e+13 -1.636806e+15 +4.599774e+18 +8.411087e+18   +1.343972e-07 -1.720084e-05 -9.312477e-04 +4.546080e-03 +1.305895e+00 -2.117480e+02 +1.829637e+03 +1.076639e+04 -1.400491e+06 +3.831973e+09 -1.031237e+11 -6.936943e+12 +2.448987e+14 +3.432099e+16 +2.997503e+18   
Q20-121   +6.999430e+01   -1.200517e-07 -5.915193e-02 -1.308522e-03 -5.441382e-02 -1.132787e+00 +2.224400e+03 +3.957305e+03 +1.713721e+05 -1.812312e+06 -2.305672e+11 -6.836458e+10 -9.084360e+12 +2.628335e+14 +4.656369e+18 +3.148509e+18   +4.940584e-07 -1.953682e-05 -3.902036e-04 +6.280394e-03 +1.473479e+00 -2.838904e+02 +1.247705e+03 +1.484938e+05 -9.698858e+06 +8.186418e+09 +4.262719e+10 -5.527440e+12 +2.443019e+14 -1.747904e+17 -3.832855e+18   
Q20-123   +6.999500e+01   +6.104856e-07 -5.911875e-02 -9.653702e-04 -2.303325e-02 -4.610965e-01 +2.296908e+03 -9.102703e+02 -1.472774e+04 +1.791609e+07 -2.300959e+11 +5.776583e+10 -1.486999e+11 -3.973074e+14 +4.661126e+18 -1.208887e+18   +2.374024e-07 -1.477256e-05 -1.071263e-03 +1.137059e-02 +1.632422e+00 -1.414229e+02 +1.740720e+03 +2.734568e+05 -1.444597e+07 +3.488239e+09 -4.359261e+10 -1.481383e+13 +6.299931e+14 -6.259493e+16 +3.745983e+17   
Q20-129   +6.999470e+01   +5.817328e-07 -5.916334e-02 -3.355251e-04 -7.220660e-02 -1.265608e-01 +2.307595e+03 -2.102583e+03 +1.939438e+05 +8.092086e+06 -2.313657e+11 +9.997290e+09 -6.018189e+12 -2.480016e+14 +4.723981e+18 +4.616378e+17   +9.170394e-08 +1.327206e-05 -1.347314e-03 +1.363151e-02 +9.429084e-01 -1.800039e+02 +1.898609e+03 +1.772680e+05 -5.144401e+06 +5.539158e+09 -6.714378e+10 -1.057071e+13 -2.085022e+13 -8.273541e+16 +1.363821e+18   
Q20-131   +6.999455e+01   +4.852996e-07 -5.916092e-02 -7.242444e-04 -2.140128e-02 -3.959963e-01 +2.247378e+03 +1.072898e+03 -5.522234e+04 +5.530819e+06 -2.286655e+11 -6.470429e+10 -1.969901e+12 -1.466123e+14 +4.652867e+18 -8.086171e+16   +2.060988e-07 +2.379804e-05 -8.529534e-04 +1.359120e-02 +1.128245e+00 -2.776050e+02 -5.309139e+02 +7.441707e+04 +2.410095e+06 +8.400420e+09 +1.956495e+10 -6.044431e+12 -5.344636e+14 -1.378769e+17 -3.161688e+18   
Q20-132   +6.999395e+01   +2.071843e-07 -5.917373e-02 +1.630391e-04 -5.379444e-02 +1.519386e-01 +2.260561e+03 -3.813440e+03 +1.186404e+05 +2.012637e+07 -2.315807e+11 +3.943689e+10 +4.692921e+11 -5.825042e+14 +4.719048e+18 -6.917546e+17   -4.902642e-08 -2.966452e-06 -1.354715e-04 -3.613164e-03 +1.031716e+00 -1.953689e+02 -4.738750e+03 +2.643391e+04 -8.756553e+06 +4.608251e+09 +6.126165e+10 -3.953079e+12 +3.387374e+13 -9.789042e+16 +5.177670e+17   
Q20-133   +6.999465e+01   +7.892866e-07 -5.916262e-02 -2.607774e-04 -1.308152e-02 -1.654948e-01 +2.309622e+03 -3.295996e+03 -1.695471e+05 +2.201177e+07 -2.301149e+11 +9.877313e+10 -8.034240e+11 -8.959392e+14 +4.697213e+18 -2.163481e+18   -1.743262e-07 +5.556502e-06 +7.833550e-04 +3.189021e-02 -5.093539e-02 -1.879489e+02 -2.763160e+03 -5.128622e+04 -8.392261e+05 +4.310344e+09 -1.530226e+10 -4.813992e+12 -1.392040e+14 -4.664715e+16 -1.949085e+17   
Q20-137   +6.999575e+01   +8.703440e-07 -5.913095e-02 -4.426609e-04 -3.852195e-02 +2.319545e-01 +2.339018e+03 +2.967762e+02 -3.522217e+03 +1.725619e+07 -2.300748e+11 -1.465063e+11 +3.427640e+12 -3.129560e+14 +4.606123e+18 +6.719244e+18   +2.001822e-08 +5.845316e-06 -8.980528e-04 +2.535327e-02 +1.470354e+00 -2.154295e+02 +2.531095e+03 +2.085225e+03 -8.733176e+06 +5.883017e+09 -8.303767e+10 -6.971065e+12 +3.466598e+14 -1.009281e+17 +4.586533e+18   
Q20-141   +6.999465e+01   +1.395626e-08 -5.918422e-02 -1.657024e-03 -1.416693e-02 -2.903226e+00 +2.263763e+03 +2.919170e+02 +1.185163e+05 +2.018106e+07 -2.304158e+11 -5.046617e+10 -3.613833e+12 -3.341834e+14 +4.667295e+18 +1.526428e+18   +2.138029e-07 +2.190875e-05 -5.911140e-04 +2.071603e-02 +4.332745e-01 -2.635171e+02 +1.674405e+03 +4.074077e+04 +5.681876e+06 +9.140336e+09 -2.055586e+10 -4.689397e+12 -3.156701e+14 -2.306669e+17 +1.731217e+17   
Q20-145   +6.999330e+01   +4.914799e-07 -5.915018e-02 -9.652725e-04 -8.725627e-02 -1.535784e-02 +2.201068e+03 -1.460634e+03 +1.092887e+05 +1.517932e+07 -2.294430e+11 +8.037814e+10 +1.505788e+12 -1.505023e+14 +4.604886e+18 -2.880777e+18   +3.492850e-07 -1.580257e-05 -1.703792e-03 +1.247612e-02 +1.547510e+00 -2.281181e+02 +2.530649e+03 -5.596337e+04 +4.751526e+04 +6.255486e+09 +2.087358e+10 -1.675663e+11 -3.040825e+14 -7.645793e+16 -1.593970e+18   
Q20-146   +6.999590e+01   +4.772642e-07 -5.913459e-02 -1.520976e-03 -6.039299e-02 -1.595585e+00 +2.231836e+03 +3.330271e+02 +2.254113e+04 +1.744508e+07 -2.302111e+11 +1.579714e+09 +4.312611e+12 -7.902597e+14 +4.589936e+18 +9.971027e+17   +4.717432e-10 -1.945247e-05 -9.641885e-04 +5.106889e-02 +1.313546e+00 -1.733586e+02 -1.130812e+03 +1.112367e+04 -6.695768e+06 +1.147829e+09 +7.014659e+10 -1.433728e+13 -2.484057e+14 +3.613453e+16 -9.106346e+16   
Q20-147   +6.999550e+01   +6.634158e-07 -5.915223e-02 -1.363717e-03 -1.124406e-01 -3.214624e-02 +2.302687e+03 -2.272816e+03 +8.552977e+04 +4.905491e+06 -2.299715e+11 +1.769388e+11 +4.997784e+11 -5.197621e+14 +4.676325e+18 -2.092090e+18   +1.300884e-07 -1.317447e-05 -1.097632e-03 +2.698994e-02 +1.632386e+00 -1.941189e+02 +5.077229e+02 -2.193428e+04 -4.076728e+05 +3.655868e+09 -5.645424e+10 -9.680441e+12 -1.643341e+14 -3.149081e+14 -7.927511e+17   
Q20-152   +6.999575e+01   +5.619243e-07 -5.912076e-02 -1.044893e-03 -1.150132e-01 -9.870331e-01 +2.270646e+03 -1.358273e+03 +2.659613e+05 +1.887790e+07 -2.306623e+11 +5.195683e+10 -3.824195e+12 -2.918809e+14 +4.625168e+18 +2.022500e+18   -2.541133e-07 -4.825006e-06 -6.298180e-04 +2.345024e-02 +9.808726e-01 -1.558935e+02 +3.696940e+02 +7.367967e+04 -5.467115e+06 +2.052639e+09 -7.198648e+10 -4.735315e+12 +1.279491e+14 -7.559956e+15 +1.809024e+18   
Q20-155   +6.999625e+01   +7.059088e-07 -5.911260e-02 -1.588825e-03 -4.627738e-03 -1.411966e+00 +2.222811e+03 +2.100973e+03 -1.074943e+05 +2.579415e+07 -2.320039e+11 +3.845560e+09 +5.690561e+12 -6.864792e+14 +4.669853e+18 +1.388526e+18   +3.853321e-07 +6.850436e-06 -7.748098e-04 +1.002987e-02 +6.167870e-01 -2.095141e+02 +1.856139e+03 -3.866754e+04 +8.278902e+06 +3.619060e+09 -8.524930e+10 -3.089397e+12 -6.091741e+14 -2.004539e+16 +1.213407e+18   
Q20-168   +6.999465e+01   +4.707811e-07 -5.910379e-02 -1.335575e-03 -6.519208e-02 -6.573487e-01 +2.134746e+03 -1.096510e+03 +5.345734e+04 +1.252913e+07 -2.265626e+11 +7.175210e+10 +8.667532e+11 -4.403885e+14 +4.535585e+18 -1.427150e+18   +1.928906e-07 -1.935461e-05 +2.872828e-05 -3.676585e-03 -8.711944e-01 -1.956477e+02 +7.870982e+02 +9.984493e+04 +2.189807e+07 +3.339825e+09 -3.003010e+10 -6.624248e+11 -5.645864e+14 +3.742202e+16 +1.687612e+18   
Q20-169   +6.999475e+01   +6.440109e-07 -5.911335e-02 -1.325261e-03 -2.871433e-02 -1.174170e+00 +2.141619e+03 -3.101073e+02 -9.784708e+04 +1.357980e+07 -2.274298e+11 -5.407507e+09 +2.595217e+12 -1.360441e+14 +4.558455e+18 +1.805361e+18   -1.365485e-07 -9.852525e-06 -4.874686e-04 +2.973159e-02 +1.324853e+00 -1.821395e+02 +9.753760e+02 +9.503310e+04 -3.764001e+06 +3.062384e+09 -1.646341e+10 -1.623619e+13 -4.728732e+13 +6.554504e+16 +7.613368e+17   
Q20-172   +6.999255e+01   +1.472915e-07 -5.913701e-02 -1.312223e-03 -4.119324e-03 -1.578781e+00 +2.201891e+03 -1.066517e+03 -9.403424e+04 +1.295072e+07 -2.293997e+11 -4.790307e+10 +4.412874e+12 +3.098294e+13 +4.597029e+18 +1.135260e+18   -6.584079e-07 -2.109952e-05 +8.185901e-04 +2.679131e-02 -5.281685e-01 -1.318270e+02 -1.544406e+03 +2.815775e+03 -1.156310e+07 +1.549956e+09 +3.414795e+10 -1.184453e+13 +4.731551e+14 +5.378534e+16 -1.737229e+18   
Q20-173   +6.999655e+01   +8.251942e-07 -5.908027e-02 -2.428594e-04 -5.174964e-02 -4.113053e-01 +2.176582e+03 -8.472349e+02 -5.153671e+04 +2.369121e+07 -2.290329e+11 -1.378989e+11 -3.345996e+12 -2.590192e+14 +4.457911e+18 +5.478879e+18   -2.717014e-07 -1.480642e-05 -2.129968e-05 -1.525542e-03 +1.960937e-01 -2.020267e+02 -1.195799e+03 +2.370268e+05 -9.932431e+06 +3.433724e+09 +1.026243e+11 -1.470114e+13 +9.356663e+13 -2.589895e+16 -6.032836e+18   
Q20-174   +6.999295e+01   -1.885383e-07 -5.915942e-02 -6.637954e-04 -3.210529e-02 +4.875790e-02 +2.180973e+03 -1.866615e+03 +6.699803e+04 +4.537933e+05 -2.287616e+11 +5.337850e+10 +1.188375e+11 -2.200430e+14 +4.555365e+18 +2.561541e+18   +1.416434e-07 -1.172683e-05 +1.419843e-05 +2.294534e-02 -3.948469e-01 -1.413070e+02 -8.685150e+02 +9.698621e+04 +2.229125e+06 +2.502948e+09 +2.254513e+10 -9.274641e+12 +1.130575e+13 +3.036954e+16 -7.282472e+16   
Q20-175   +6.999550e+01   -7.334872e-08 -5.913942e-02 -2.223720e-03 -1.892965e-02 -1.567215e+00 +2.182189e+03 +1.870793e+03 -5.259414e+04 +1.151606e+07 -2.300668e+11 -1.972284e+10 +5.223607e+12 -7.145907e+13 +4.610641e+18 +6.796363e+17   -3.750975e-07 +4.071117e-06 +9.127370e-04 +1.123937e-02 -1.311048e+00 -1.046235e+02 -2.829355e+03 +5.942103e+03 +7.606418e+06 +1.156281e+09 +9.663606e+10 -5.930896e+12 -2.499306e+13 +3.637728e+16 -2.167844e+18   
Q20-177   +6.999625e+01   +2.081819e-07 -5.914638e-02 -6.211651e-04 -1.010762e-01 -1.082648e+00 +2.213173e+03 -2.870055e+03 +3.156406e+05 +2.329085e+07 -2.313785e+11 -2.506504e+10 -9.190967e+12 +7.845847e+13 +4.653159e+18 +2.895138e+18   +3.233236e-07 +2.505976e-06 -1.178929e-03 +2.454346e-02 +5.701210e-01 -1.678976e+02 +3.938822e+03 -5.737910e+04 -4.507713e+06 +6.750604e+08 -6.415555e+10 +1.127064e+13 +3.958809e+14 +5.171183e+16 -1.619538e+18   
Q20-179   +6.999615e+01   +6.379942e-07 -5.913735e-02 -1.042305e-03 +1.254544e-02 -9.050178e-01 +2.117249e+03 +8.310534e+01 -1.410522e+05 +3.325219e+07 -2.307980e+11 +9.763836e+09 +7.574424e+12 -1.010799e+15 +4.652646e+18 -9.438816e+17   +1.298067e-07 -1.146899e-05 -1.064638e-03 +1.041950e-02 +6.680079e-01 -1.869661e+02 +1.082521e+03 +1.583204e+05 -1.441601e+07 +4.683803e+09 +3.929198e+10 -8.243303e+12 +4.515924e+14 -6.293762e+16 -1.803216e+18   
