# multipoles are divided by excitation current and units are [T], [m] and [A]
# harmonics (dipole n=0): 00 01 02 03 04 05 06 07 08 09 10 11 12 13 14 
# MAG_LABEL   CURRENT[A]   <NORMAL_MULTIPOLES/CURRENT>[T/m^(n-1)/A]   <SKEW_MULTIPOLES/CURRENT>[T/m^(n-1)/A]
Q20-005   +1.995100e+00   +1.887768e-06 -7.472899e-02 -6.751977e-04 -5.976116e-02 -5.332139e+00 +1.203424e+03 +2.711632e+03 +2.088078e+05 -2.733451e+07 -2.817522e+11 +3.585608e+10 +6.995123e+12 -9.469741e+13 +6.297369e+18 +3.589804e+19   +2.054589e-06 -2.631917e-05 -3.395345e-03 +1.231198e-03 +2.108878e+00 +8.833938e+01 +4.374667e+03 +1.285089e+06 +7.267385e+07 -4.471357e+09 -6.513764e+11 -3.976188e+13 +3.986539e+15 -1.251615e+17 -4.840924e+19   
Q20-007   +1.995700e+00   -1.821050e-06 -7.633607e-02 -1.889170e-02 -9.264253e-02 -1.189382e+01 +1.528055e+03 +4.382494e+04 +1.213100e+04 +4.981009e+07 -2.872492e+11 -9.833181e+11 -1.875515e+13 -4.796000e+14 +5.957579e+18 -8.007586e+18   -2.632062e-06 -1.821330e-06 +1.366171e-02 +5.891933e-02 -5.026512e+00 -2.260365e+02 -4.269706e+04 +1.088175e+05 +5.728070e+07 +2.800975e+09 +2.935969e+11 -2.561275e+13 -1.104954e+15 +5.356672e+15 -1.647080e+19   
Q20-009   +1.995150e+00   +3.249061e-06 -7.441846e-02 +4.755988e-04 -8.968769e-02 -1.877737e+00 +1.263619e+03 -2.450436e+03 +4.745224e+04 +2.485054e+07 -2.838936e+11 +4.355027e+11 -1.905572e+13 +1.140679e+15 +5.969621e+18 +2.739367e+18   +7.756870e-06 -7.315064e-06 -2.018901e-02 +7.864331e-03 +1.629968e+01 -1.901880e+02 +3.360187e+04 +8.414245e+05 +7.746074e+07 -4.220164e+09 -3.967089e+11 +9.508177e+12 +4.542125e+15 -3.550787e+17 +1.875074e+19   
Q20-010   +1.994600e+00   -5.029575e-07 -7.416139e-02 -1.237365e-02 -1.180290e-01 -1.033906e+01 +1.261895e+03 +2.332789e+04 -1.609085e+06 +1.291548e+08 -2.773524e+11 +4.440989e+11 -1.273731e+13 -2.672110e+15 +6.101329e+18 +3.140605e+19   +2.692347e-06 -9.684373e-06 -5.479134e-03 +5.296561e-02 +8.269066e+00 -2.392308e+02 -3.637296e+03 +2.351496e+05 +2.041816e+06 +1.153657e+10 -6.355324e+09 -3.220421e+13 +2.065325e+14 +1.762614e+17 -5.450897e+19   
Q20-011   +1.994950e+00   +1.718528e-06 -7.434131e-02 -3.265952e-03 -4.280678e-02 -2.720143e+00 +1.361988e+03 +7.753773e+03 +1.186328e+06 +1.535049e+07 -2.759846e+11 +2.622553e+11 +2.946507e+13 +1.159322e+15 +6.285957e+18 +3.303706e+19   -1.819134e-07 +6.715271e-06 +6.094744e-03 -4.388848e-02 -2.863834e+00 -2.044783e+02 -3.158725e+04 -1.478195e+04 +7.966706e+07 +7.114053e+09 +5.049690e+11 -2.705225e+13 +3.208247e+15 +5.353708e+17 +2.347735e+19   
Q20-012   +1.995000e+00   +6.058246e-06 -7.430421e-02 +1.103229e-02 -1.002575e-01 +4.012100e+00 +1.490621e+03 -5.066672e+04 +6.519258e+05 +9.661910e+07 -2.656076e+11 -5.335434e+11 +6.207183e+13 +2.125607e+15 +6.479108e+18 -8.042617e+18   +3.795942e-06 -2.034062e-05 -9.276817e-03 -5.979679e-02 +7.083569e+00 -4.044844e+02 +4.217588e+01 -1.511053e+06 -8.246947e+07 -5.556496e+09 -4.541461e+11 -9.798251e+13 -9.617619e+15 -4.863335e+17 +3.797978e+19   
Q20-013   +1.994750e+00   +5.575340e-06 -7.430269e-02 +9.642973e-03 -2.424495e-02 +6.632515e+00 +1.363791e+03 -2.377927e+04 -8.247013e+05 +1.755157e+08 -2.779092e+11 -3.210745e+11 +1.013158e+13 +4.476375e+14 +5.819085e+18 +1.450196e+19   +2.901964e-08 -8.886011e-06 +5.417777e-03 +7.245916e-02 -1.428752e+00 -2.972713e+02 -3.029145e+04 -1.396920e+06 -1.354478e+08 +1.155806e+10 +8.302594e+11 -9.729625e+13 -3.830307e+15 +1.612621e+17 -1.148971e+19   
Q20-014   +1.994950e+00   -1.339597e-06 -7.468729e-02 -1.211613e-02 -1.079718e-01 -1.076575e+01 +1.294454e+03 +2.858127e+04 +3.034348e+05 +3.129079e+07 -2.835666e+11 +2.143822e+11 +5.836081e+13 -4.455478e+15 +6.089621e+18 +6.784526e+18   +1.056622e-06 -2.482712e-05 +1.626831e-04 +7.894203e-02 -2.066073e-01 -1.637421e+02 +1.860893e+04 +5.437304e+05 -2.876249e+07 +8.846492e+08 +2.573414e+11 +8.025575e+12 -1.289153e+15 +1.182059e+17 -1.229904e+19   
Q20-015   +1.994800e+00   +2.015851e-06 -7.453539e-02 -5.833382e-03 -1.091112e-01 +1.357389e-01 +1.052597e+03 +3.673986e+04 -5.831853e+05 +4.928530e+06 -2.809275e+11 -3.593769e+11 -3.344274e+12 -5.017495e+15 +6.209104e+18 +1.081978e+19   -4.460264e-07 +3.397526e-06 +4.192198e-03 +2.255518e-02 +3.826619e-01 -1.890927e+02 -2.958444e+04 -7.472869e+05 +1.805355e+07 +1.129818e+10 +7.652236e+09 -5.455344e+13 -1.125570e+15 -1.697697e+17 +6.230434e+18   
Q20-016   +1.995450e+00   +1.671612e-07 -7.431361e-02 -1.004431e-02 -9.591566e-02 -4.642079e+00 +9.945742e+02 +3.120977e+04 -3.225814e+05 +3.978811e+07 -2.796833e+11 -4.836712e+11 +3.097400e+13 +5.543792e+14 +5.953058e+18 +4.075442e+18   -8.090000e-07 -1.062773e-05 +6.902398e-03 -1.511784e-02 -1.934757e+00 -4.813220e+02 -2.106134e+04 +1.467172e+06 -2.842539e+07 +1.225407e+10 +4.880375e+11 -4.521258e+13 +1.330370e+15 -1.424673e+17 -9.401328e+18   
Q20-021   +1.995300e+00   +6.079231e-06 -7.480594e-02 +9.797715e-03 -5.081341e-03 +3.194297e+00 +1.154285e+03 -2.679370e+04 -3.554679e+05 +6.330121e+07 -2.835200e+11 +1.382283e+10 -3.752006e+11 -1.122496e+15 +5.910109e+18 -2.689050e+18   -4.212484e-07 +2.859649e-06 +6.783441e-03 +5.423766e-02 -3.198926e+00 -9.635814e+01 -2.396788e+04 +2.026824e+05 +5.348233e+07 +7.768972e+09 +2.125448e+11 -5.078930e+13 -1.956479e+14 -9.575177e+16 -1.857134e+18   
Q20-022   +1.995050e+00   +8.077868e-06 -7.490038e-02 +1.853208e-02 -4.213842e-02 +8.207890e+00 +1.159815e+03 -5.968392e+04 -6.078695e+05 +1.263369e+08 -2.792172e+11 +1.475970e+11 +1.281183e+13 +1.345063e+15 +5.942072e+18 -8.415799e+18   -2.290999e-06 -9.006130e-06 +1.146310e-02 +4.261649e-02 -6.256239e+00 -2.950635e+02 -4.631237e+04 -2.900434e+05 -5.511250e+07 +3.028511e+09 -1.691299e+11 -9.069266e+13 -9.151009e+15 -2.651792e+16 +1.706553e+19   
Q20-023   +1.994800e+00   +7.935728e-07 -7.442009e-02 -8.332424e-03 -2.039633e-02 -5.933693e+00 +1.438316e+03 +1.587770e+04 -2.813167e+05 +2.444430e+07 -2.875382e+11 +1.661741e+11 +3.942775e+13 -3.804537e+15 +6.319922e+18 +1.103754e+19   +1.408831e-06 -7.832484e-06 +8.336525e-04 -8.939072e-03 +5.715886e+00 -2.685462e+02 -1.887609e+04 +1.105228e+06 -6.062287e+07 +1.097074e+10 +4.999338e+11 +8.203193e+12 -5.039357e+15 -1.222289e+16 +9.900075e+18   
Q20-026   +1.995000e+00   +5.887143e-06 -7.445890e-02 +9.016952e-03 -1.662984e-02 +6.662015e+00 +1.268624e+03 -2.601317e+04 +6.383113e+05 +5.787875e+07 -2.847017e+11 -8.017609e+10 +3.771279e+13 -2.693595e+15 +5.978687e+18 -2.709684e+19   +3.221184e-06 -5.955028e-06 -6.028526e-03 -6.545634e-02 -2.171656e+00 -3.208399e+02 -1.207188e+04 +5.227509e+05 +7.033584e+07 -4.413645e+09 -8.179153e+11 +5.778727e+12 -1.497242e+15 -3.342239e+17 -1.302048e+19   
Q20-027   +1.995650e+00   +7.344840e-06 -7.441871e-02 +1.446855e-02 -2.699109e-02 +5.305550e+00 +1.059806e+03 -4.802604e+04 -8.420064e+03 +5.757823e+07 -2.772218e+11 +8.789207e+10 -4.547551e+12 +6.853111e+14 +6.306351e+18 +8.252970e+17   +3.440443e-06 -2.514191e-05 -7.253582e-03 -2.983541e-02 +6.682384e+00 -1.133084e+02 +1.289313e+04 +7.958525e+05 +5.072673e+07 +6.581560e+09 +1.949733e+11 -9.098043e+12 -1.001820e+15 -3.822672e+17 -6.501305e+18   
Q20-028   +1.996150e+00   +1.344038e-06 -7.502537e-02 -5.160198e-03 -8.212214e-02 +2.169255e+00 +1.751538e+03 -9.257225e+03 -6.784946e+05 +4.811348e+06 -2.958770e+11 +3.914119e+11 -5.927405e+13 -1.471772e+16 +6.043178e+18 -6.871097e+19   +2.963727e-06 -2.781934e-05 -6.669524e-03 +8.297357e-02 +3.849591e+00 -3.826072e+01 -8.090214e+04 +4.157684e+06 +4.446792e+07 +1.186893e+10 -3.539096e+12 +5.989139e+13 +9.468311e+15 +7.286216e+16 -3.578591e+19   
Q20-033   +1.994750e+00   +6.224580e-06 -7.478626e-02 +1.016146e-02 -4.678608e-02 +2.143482e+00 +1.105874e+03 -4.044790e+04 +1.372063e+04 -1.119003e+08 -2.848549e+11 +6.043299e+11 -3.847865e+13 -7.986495e+15 +6.415516e+18 +1.140536e+19   +2.649741e-06 -1.664503e-05 -5.510756e-03 +4.810398e-03 +5.458950e+00 -1.928585e+02 +1.018982e+04 -4.235096e+04 +9.359534e+07 +1.920580e+09 +3.203373e+11 -2.917487e+13 -5.423933e+15 +2.095767e+17 +8.100058e+18   
Q20-034   +1.994900e+00   -1.683625e-06 -7.510587e-02 -1.543786e-02 -9.716547e-02 -8.618362e+00 +1.098138e+03 +2.583456e+04 +1.585771e+05 -3.268819e+07 -2.783363e+11 -5.764595e+11 -6.196646e+12 +9.611309e+14 +6.029901e+18 -7.351105e+18   -1.126693e-05 -2.994250e-05 +4.081597e-02 +3.102621e-02 -1.974511e+01 -2.787706e+02 -1.263179e+05 +2.516160e+05 +1.463623e+07 -1.015977e+09 +6.124212e+11 +1.773917e+13 -2.550860e+15 -6.010391e+16 -1.638276e+19   
Q20-035   +1.995000e+00   +9.458085e-06 -7.522777e-02 +1.965963e-02 +1.660826e-02 +9.965068e+00 +1.359500e+03 -5.240371e+04 -1.172173e+06 +3.987020e+07 -2.848285e+11 +2.891232e+11 -7.739163e+12 -4.581147e+15 +6.212175e+18 +1.755189e+19   +8.929449e-06 -1.885449e-05 -2.644512e-02 +8.175198e-02 +1.612957e+01 -2.096164e+02 +5.800301e+04 +1.530695e+05 +7.030792e+07 +3.674564e+09 -3.033649e+11 -3.213236e+13 -2.206198e+15 +6.884947e+16 +3.394439e+18   
Q20-036   +1.995550e+00   +4.094387e-06 -7.450272e-02 +3.246705e-03 -3.383061e-02 -8.449806e-01 +1.040242e+03 -1.466711e+04 +9.536008e+05 -2.223924e+07 -2.784181e+11 -3.152012e+11 +2.783548e+13 -7.177264e+15 +6.593776e+18 -2.657040e+18   -3.629586e-08 -3.891188e-05 +5.338142e-03 +8.364696e-02 +7.192914e-01 +1.534283e+01 -2.400380e+04 +8.782832e+05 +2.029839e+07 +8.027747e+09 +2.091958e+11 +3.645667e+13 -1.344100e+15 -4.561603e+16 +5.721195e+17   
Q20-038   +1.994550e+00   +3.663993e-06 -7.411321e-02 +8.968880e-04 -1.656169e-01 -1.634788e+00 +1.287409e+03 -5.209030e+03 -1.058213e+06 +3.428983e+06 -2.824588e+11 -1.037966e+11 +1.435291e+13 -3.089544e+15 +5.893440e+18 -2.509976e+19   +6.705728e-06 -2.769683e-05 -1.814518e-02 +4.779643e-02 +1.124977e+01 -1.318537e+02 +6.057757e+04 +6.045213e+05 -7.453862e+05 -3.147987e+08 +2.735974e+10 -1.427114e+13 -3.974394e+15 -6.960262e+16 +6.815011e+18   
Q20-039   +1.994950e+00   +3.086897e-06 -7.464438e-02 -2.996085e-03 -3.493505e-02 -1.535342e+00 +9.547132e+02 +6.193413e+03 -5.530414e+05 -2.244954e+07 -2.860516e+11 -1.137610e+11 +2.383706e+13 -4.633817e+15 +5.926570e+18 +2.042542e+19   +1.777204e-06 -7.279105e-06 -2.271248e-03 +4.906880e-02 +2.669682e+00 -8.917086e+01 -4.472451e+03 -2.505986e+04 +1.324939e+07 -3.052178e+09 +3.237515e+11 -2.723568e+13 +1.269567e+15 -1.860471e+17 -1.228697e+18   
Q20-041   +1.995650e+00   +2.187255e-06 -7.482194e-02 -4.945748e-03 -1.614840e-02 -4.583778e+00 +1.134388e+03 +7.666134e+03 -8.279964e+04 +1.269517e+08 -2.770429e+11 +4.339900e+10 -1.088588e+14 +7.076401e+15 +7.076111e+18 -3.325546e+19   -1.706239e-07 +7.551324e-06 +5.386180e-03 +1.849491e-02 -1.878856e+00 -3.190085e+02 -1.661184e+04 +1.053007e+04 +8.079924e+07 +8.155208e+09 -2.048698e+11 -3.158040e+13 -8.318027e+15 +4.221528e+17 +3.008592e+19   
Q20-044   +1.994850e+00   +6.412953e-06 -7.493987e-02 +9.595027e-03 -3.441163e-02 +3.263306e+00 +1.205124e+03 -3.733580e+04 +1.093411e+06 +9.854681e+07 -2.843826e+11 -8.908174e+11 +6.602100e+13 +5.104770e+14 +5.970068e+18 -1.767311e+19   -3.923409e-06 -1.795991e-05 +1.690041e-02 -9.225039e-03 -4.359632e+00 -4.163410e+02 -3.846410e+04 -1.627026e+06 +1.387591e+07 +1.148573e+09 +4.885690e+11 -5.002385e+13 +1.122895e+15 -5.952097e+15 +2.384327e+19   
Q20-045   +1.995300e+00   +2.953157e-06 -7.536496e-02 -2.878376e-03 -2.047372e-02 -1.899366e+00 +1.104968e+03 +1.333626e+01 -1.647016e+06 +1.020117e+08 -2.858397e+11 +1.200425e+11 -5.313933e+13 -4.619240e+15 +6.186604e+18 +2.349478e+18   -1.204409e-06 +6.389691e-06 +8.125194e-03 +1.189562e-01 -2.910204e+00 -1.799072e+02 -1.815205e+04 +9.351406e+04 +4.395327e+07 +6.440726e+09 -1.424200e+11 -1.978106e+13 -3.927766e+14 -2.622819e+17 -4.297059e+18   
Q20-048   +1.995000e+00   -1.400687e-06 -7.636095e-02 -1.401102e-02 +1.482463e-02 -8.228386e+00 +1.199196e+03 +3.581882e+04 -4.373656e+05 +7.348376e+06 -2.837409e+11 -4.803334e+11 -9.288602e+12 -1.830074e+15 +6.056581e+18 +3.742937e+18   +5.368536e-06 +5.734160e-06 -1.261897e-02 -7.712075e-03 +6.097178e+00 -2.592829e+02 +2.520664e+04 +2.454475e+05 +2.998436e+07 -5.724922e+09 +8.015273e+10 -1.196711e+13 -1.479774e+15 +2.507466e+17 -2.483931e+18   
Q20-049   +1.995650e+00   +4.063214e-07 -7.566948e-02 -1.047032e-02 -6.460557e-02 -5.979966e+00 +1.163948e+03 +2.323734e+04 -1.076577e+05 +2.569317e+07 -2.812024e+11 -1.316134e+11 +3.584648e+13 +1.462750e+15 +5.803643e+18 +1.791617e+17   -3.421594e-06 -8.277193e-06 +1.609819e-02 +8.031574e-03 -8.132162e+00 -2.030784e+02 -5.351254e+04 +7.463648e+04 +1.574933e+07 +2.094314e+09 +3.202029e+11 -2.442053e+13 -2.351915e+15 -7.482945e+16 -2.526302e+19   
Q20-051   +1.994900e+00   +4.600816e-06 -7.605419e-02 +4.767410e-03 +1.709899e-02 +6.730809e-01 +1.382733e+03 -2.361835e+04 -1.014787e+06 +2.090937e+07 -2.835760e+11 -2.242127e+11 -3.566719e+13 -2.402668e+15 +5.869968e+18 -2.179234e+18   +1.001723e-06 -1.963424e-05 +3.397951e-03 +4.360588e-02 -1.697194e+00 -7.413459e+01 -1.959831e+04 +3.931805e+05 +9.894506e+07 +4.137563e+09 -1.198819e+11 -4.702339e+12 -1.821666e+15 +1.939443e+17 +1.819274e+19   
Q20-053   +1.995500e+00   +7.097364e-06 -7.564039e-02 +1.215898e-02 -1.344888e-01 +7.565106e+00 +1.117919e+03 -4.089534e+04 +7.389947e+05 +9.330163e+07 -2.841262e+11 +5.639564e+10 -1.731615e+13 -2.435349e+14 +6.053756e+18 +2.347278e+17   +1.377764e-06 -2.203911e-05 -3.461307e-03 +4.290144e-03 +6.692378e+00 -2.022851e+02 +1.558944e+04 +1.003692e+06 -4.103422e+07 +4.751725e+09 -3.793950e+10 -4.594071e+13 -4.195499e+14 +3.723700e+16 -3.873031e+18   
Q20-055   +1.995650e+00   +3.972557e-06 -7.564292e-02 +3.244337e-03 +2.222898e-03 +3.223900e+00 +1.214339e+03 -1.073048e+04 -3.328284e+05 +6.396402e+07 -2.859547e+11 -3.089220e+11 +1.817548e+13 -6.264340e+14 +5.916699e+18 -5.755358e+18   -5.027445e-07 -1.310355e-05 +6.311102e-03 +2.040149e-02 -3.254618e+00 -2.740661e+02 -2.044179e+04 -6.835101e+04 +3.837568e+07 +1.401635e+09 +1.270410e+11 -3.185308e+13 +2.947542e+15 -1.220490e+17 -1.226658e+19   
Q20-057   +1.994950e+00   -1.509348e-07 -7.613243e-02 -1.232535e-02 -7.054758e-02 -7.876814e+00 +1.126664e+03 +3.609077e+04 -8.679330e+05 +9.962666e+07 -2.894727e+11 -1.927202e+10 +1.246529e+13 +1.321196e+15 +6.037876e+18 +2.625424e+19   +5.226627e-06 -8.983453e-06 -1.171865e-02 +6.914193e-03 +1.062218e+01 -1.755286e+02 +1.708337e+04 -5.322504e+05 +1.144350e+07 -1.188201e+10 -3.456510e+10 -4.697438e+13 -2.880862e+15 -8.670292e+16 +1.092183e+19   
Q20-061   +1.995200e+00   +5.510320e-06 -7.642397e-02 +8.968910e-03 -2.897223e-03 +2.480025e+00 +1.438197e+03 -3.535598e+04 +7.378368e+05 +3.653213e+07 -2.842213e+11 +4.019454e+11 +4.758755e+13 -1.134901e+15 +6.351895e+18 +1.543136e+19   +3.143246e-06 +2.686777e-05 -5.881686e-03 +2.129464e-02 +3.261587e+00 -3.720579e+02 +8.554305e+03 +1.644428e+06 -7.075591e+07 +1.096912e+10 -3.017259e+11 +2.984098e+13 -3.065800e+15 +6.241069e+16 -1.828225e+19   
Q20-063   +1.995350e+00   +5.297822e-06 -7.721327e-02 +1.024758e-02 -1.001179e-01 +7.949899e+00 +1.469104e+03 -3.692923e+04 -6.601413e+05 +6.690911e+07 -2.879053e+11 +3.968768e+11 -2.548072e+13 -1.426870e+15 +6.223735e+18 +1.867264e+18   +4.924210e-06 -2.660520e-05 -1.035364e-02 -5.979442e-02 +7.852687e+00 -1.464992e+02 +6.991641e+03 +2.324579e+05 +4.340392e+07 -1.854107e+09 -5.813847e+10 -2.245153e+13 -8.268454e+14 +1.085622e+17 +6.240113e+18   
Q20-065   +1.994950e+00   +3.279914e-06 -7.600055e-02 -1.042232e-03 -3.631827e-02 -5.218562e+00 +1.299781e+03 -4.532732e+03 -1.161046e+04 +3.106844e+07 -2.815561e+11 +2.476709e+11 +1.186353e+13 +8.973368e+14 +5.876759e+18 +1.423462e+19   +5.443370e-06 -2.101847e-05 -1.321166e-02 +4.884194e-02 +1.158373e+01 -2.178294e+02 +1.836287e+04 -4.716227e+05 +7.258478e+07 -1.353036e+09 -3.439192e+11 -2.649488e+13 -1.013668e+15 +5.035951e+16 -3.392090e+18   
Q20-066   +1.993450e+00   -5.887707e-08 -7.540465e-02 -1.171488e-02 +9.050159e-02 -7.729469e+00 +1.285204e+03 +3.815584e+04 +5.354636e+05 +8.085339e+07 -2.789003e+11 -7.155590e+10 +3.726507e+13 -5.515268e+15 +6.277248e+18 -9.175751e+17   +7.139662e-06 -2.509529e-06 -2.042016e-02 -1.153522e-02 +1.275877e+01 -1.323109e+02 +4.384084e+04 -1.034691e+06 +6.974441e+07 +9.794958e+09 -1.980289e+11 -7.054157e+13 +9.850897e+14 +5.378856e+17 -3.147817e+19   
Q20-068   +1.995300e+00   +7.513141e-08 -7.798496e-02 -1.182476e-02 -4.251784e-02 -4.407334e+00 +1.723950e+03 +3.786287e+04 -1.909019e+06 +2.083421e+07 -3.057039e+11 -4.643214e+11 +8.372716e+12 -4.499224e+15 +5.703258e+18 +1.507165e+19   -1.582832e-06 -1.034542e-05 +9.063093e-03 +1.784992e-02 -4.808113e+00 -5.020528e+02 -3.101908e+04 -3.315922e+05 +6.787085e+07 -3.223877e+09 +2.222570e+11 +4.289843e+13 -3.241926e+15 -7.502576e+16 +7.204601e+18   
Q20-069   +1.994600e+00   -4.002159e-07 -7.632498e-02 -8.248742e-03 -1.642098e-01 -4.355712e+00 +1.452582e+03 +3.142386e+04 +9.466495e+05 +1.899473e+07 -2.850252e+11 -8.152341e+11 +7.206818e+13 -5.956262e+14 +6.344054e+18 -1.050992e+19   +2.020165e-06 +4.386413e-05 -3.817158e-03 +6.562920e-02 +3.474768e+00 -2.740678e+01 +1.763319e+04 -4.009846e+04 -3.467435e+07 +9.419402e+09 +3.454708e+11 -2.614066e+13 -1.116081e+16 +1.918645e+17 -4.068567e+19   
Q20-071   +1.994850e+00   +1.130099e-07 -7.646264e-02 -1.121035e-02 -8.620728e-02 -6.823501e+00 +1.629016e+03 +3.056489e+04 -5.697646e+05 +1.893055e+06 -2.845985e+11 -2.072591e+11 -1.091858e+13 -1.316828e+15 +6.247487e+18 +9.689500e+18   +1.598897e-06 +1.931267e-05 +5.645592e-04 +7.569326e-03 -6.906745e-01 -2.598504e+02 -1.112988e+04 -4.426838e+05 +1.986200e+07 +3.704981e+08 +1.003519e+11 -5.953806e+12 -7.959270e+14 +1.296451e+16 +9.995614e+18   
Q20-073   +1.995100e+00   +3.817694e-06 -7.607378e-02 +2.599082e-04 -9.679600e-02 +4.512355e-01 +1.517475e+03 -1.510318e+04 -3.187001e+05 +6.447602e+07 -2.819427e+11 +5.165691e+11 +7.673034e+13 -1.802373e+14 +6.358107e+18 +2.707411e+19   +2.808007e-06 +4.809475e-05 -4.683319e-03 +8.327698e-02 -9.301880e-01 -2.745586e+02 +1.643394e+04 +8.241386e+05 +9.055245e+07 +1.404395e+10 +1.246404e+11 +7.046785e+13 +1.776637e+15 +2.169326e+17 -9.430024e+17   
Q20-074   +1.995150e+00   +2.881263e-06 -7.631752e-02 -2.295231e-03 -5.710869e-02 -9.920973e-01 +1.317534e+03 +6.247154e+03 +2.935591e+05 +9.111871e+07 -2.834604e+11 +1.738899e+11 +3.306034e+13 +2.819315e+15 +6.400506e+18 +1.749724e+19   +3.406635e-06 +1.632816e-05 -4.542381e-03 +1.499928e-02 +2.746045e+00 -3.478138e+02 +1.728378e+04 +1.464438e+05 +2.675355e+07 -2.002331e+09 -2.054128e+11 -1.332976e+12 -1.386150e+15 -3.393701e+17 -4.071710e+17   
Q20-076   +1.994800e+00   +3.070050e-06 -7.637638e-02 -2.096664e-03 -1.220046e-02 -4.332420e+00 +1.360349e+03 +1.763180e+04 -2.587503e+05 +3.687250e+07 -2.824435e+11 +3.225316e+11 -4.674681e+13 +1.387281e+15 +5.967781e+18 +1.829220e+18   +6.031607e-07 +1.639658e-05 -1.938174e-04 +4.017810e-02 +1.924023e-01 -1.839868e+02 +1.069733e+04 -6.460091e+05 +5.860447e+07 +9.754472e+09 +8.616954e+10 -2.899584e+13 +2.400896e+15 -3.211119e+17 +1.365806e+19   
Q20-077   +1.995550e+00   +2.391707e-06 -7.586735e-02 -9.022239e-04 -5.974238e-02 -4.565950e+00 +1.264662e+03 -2.942019e+03 -1.696489e+04 +1.541507e+08 -2.854747e+11 -3.892350e+11 +4.409256e+13 +2.710872e+15 +6.323159e+18 -3.470338e+19   +2.422007e-06 -6.329087e-06 -3.606768e-03 +7.198286e-02 +3.288057e+00 -2.576704e+02 +5.965488e+03 -7.596482e+04 +9.886247e+06 -4.598707e+09 -7.741735e+11 +9.673303e+12 -3.573171e+14 +9.610799e+16 -2.414134e+19   
Q20-078   +1.994850e+00   +6.794285e-06 -7.653613e-02 +1.236896e-02 -5.438665e-02 +6.172640e+00 +1.401544e+03 -3.735713e+04 -2.407405e+05 +2.103440e+07 -2.839000e+11 -2.878207e+11 +5.253352e+13 -3.315913e+15 +5.963280e+18 +9.087435e+18   +3.296596e-06 -7.439346e-06 -5.634384e-03 +6.328020e-02 +3.607393e+00 -3.854975e+02 +1.588019e+04 -3.583640e+05 +5.531789e+07 +7.040214e+09 -2.031377e+11 +2.924683e+13 -3.549315e+14 -8.401860e+16 -3.563243e+18   
Q20-080   +1.994800e+00   +5.647749e-06 -7.596987e-02 +8.977837e-03 -7.611039e-02 +2.939217e+00 +1.444249e+03 -3.298265e+04 +1.437177e+05 -2.673505e+07 -2.784005e+11 -3.926160e+11 +4.082221e+13 +1.209820e+15 +6.518613e+18 -8.724644e+18   +4.049739e-06 +1.819573e-05 -1.038921e-02 +2.940469e-02 +1.011211e+01 -3.085978e+02 +4.273510e+04 -8.638806e+05 +6.445734e+07 +4.271187e+09 +3.958996e+11 -1.082103e+14 -2.770269e+15 -9.439222e+16 -5.332530e+18   
Q20-081   +1.995100e+00   +4.062731e-06 -7.578522e-02 +2.890519e-03 -5.613653e-02 -1.848608e+00 +1.288117e+03 -1.033734e+03 -3.996750e+05 +5.328770e+07 -2.829335e+11 -3.531665e+11 +1.059331e+13 -2.866804e+15 +6.126274e+18 +1.712364e+19   +4.113548e-06 +7.749627e-06 -9.794070e-03 +3.065555e-02 +7.162759e+00 -3.194354e+02 +2.027016e+04 -2.824912e+05 +3.627273e+07 +7.127377e+09 -1.140955e+11 -1.809426e+13 +1.201057e+15 -3.483677e+17 +2.160580e+18   
Q20-082   +1.994750e+00   +1.977868e-06 -7.616538e-02 -1.805885e-03 -6.092292e-02 -2.082563e+00 +1.101742e+03 -1.282199e+04 +2.835582e+05 -4.463254e+07 -2.933368e+11 -7.532728e+10 -1.737571e+13 +4.438828e+15 +6.131250e+18 +1.330667e+19   +1.826508e-06 +9.840587e-06 -3.351258e-03 +3.708544e-02 +6.048031e-01 -1.950458e+02 +2.497706e+04 +3.821744e+05 -8.485219e+07 +3.900037e+09 +3.457655e+11 -6.857075e+13 +8.276035e+15 -4.176825e+17 +6.454719e+18   
Q20-083   +1.992600e+00   +4.200515e-06 -7.661482e-02 +6.077025e-03 -3.355083e-02 +1.543388e+00 +1.222081e+03 -1.042774e+04 -1.621180e+06 +8.855701e+07 -2.926155e+11 +7.200918e+11 +1.816684e+13 -1.235915e+15 +4.699052e+18 +7.521058e+19   +2.368363e-06 -1.010633e-05 -3.575041e-03 +7.134884e-02 +6.828350e+00 -2.206123e+02 +2.084314e+03 +7.953337e+05 +5.961498e+07 +5.339938e+09 +4.545424e+10 +1.307713e+14 -6.131055e+14 +5.814689e+17 +3.247049e+19   
Q20-086   +1.995500e+00   +1.571801e-06 -7.688008e-02 -5.265783e-03 -6.808354e-02 -1.597686e+00 +1.365368e+03 +1.586337e+04 -9.080130e+05 +4.588963e+07 -2.895922e+11 -1.051319e+11 +1.221797e+13 -1.133208e+15 +6.334883e+18 +7.109832e+18   -9.297810e-07 -5.053581e-06 +5.815144e-03 +5.181007e-02 -2.557037e+00 -2.774015e+01 -3.590393e+04 +6.703623e+05 +5.487813e+07 +5.727813e+08 +1.482346e+11 -4.338047e+13 -1.851191e+15 +8.172408e+16 -1.059757e+19   
Q20-087   +1.995400e+00   +1.010537e-06 -7.533848e-02 -7.602661e-03 -5.331969e-02 -4.841732e+00 +9.631222e+02 +1.365442e+04 -1.907445e+05 +3.105396e+07 -2.899332e+11 +6.497194e+11 +1.990539e+13 -1.188415e+15 +5.624141e+18 +4.421328e+19   +2.391750e-06 -1.766058e-05 -4.236021e-03 +9.661958e-03 +6.060033e+00 -2.881531e+02 +3.612119e+03 +5.038744e+05 +7.855543e+07 -3.344679e+09 -3.391105e+11 -3.582475e+13 +8.053097e+15 -2.476988e+16 -3.774474e+19   
Q20-088   +1.994850e+00   +4.863448e-06 -7.596466e-02 +4.087514e-03 -4.159163e-02 +1.451897e+00 +1.422239e+03 -1.035249e+04 +6.931734e+05 +4.682173e+07 -2.796319e+11 -1.864407e+11 -3.661253e+12 -3.505098e+15 +5.765185e+18 +4.907418e+18   +5.792776e-06 -2.199201e-05 -1.642041e-02 +8.868241e-02 +1.581669e+01 -2.220392e+02 +4.253325e+04 -6.385172e+05 -1.997086e+07 +6.294413e+07 -5.174845e+10 +2.159937e+13 -1.395669e+15 -1.710243e+17 +1.123675e+19   
Q20-090   +1.993400e+00   +1.887441e-06 -7.614081e-02 -4.672371e-03 +1.089383e-01 -3.130086e+00 +1.285340e+03 +1.561615e+04 -7.362085e+05 +3.017435e+06 -2.951735e+11 +2.558379e+11 -3.887544e+12 -3.518959e+15 +5.956476e+18 -1.544250e+19   -5.948590e-08 +2.043886e-08 +2.115977e-03 +2.844761e-02 +1.457370e+00 -2.071533e+02 -1.436400e+04 -5.772735e+05 +7.526608e+07 -1.694216e+08 +1.112710e+12 -4.623184e+13 +5.031659e+15 +1.658634e+17 +3.055527e+19   
Q20-091   +1.992900e+00   +2.501742e-06 -7.653681e-02 +1.524914e-03 -1.314512e-02 -1.364612e+00 +1.319592e+03 -9.105028e+03 -1.765984e+06 +6.243354e+07 -2.884790e+11 -4.166910e+11 -7.118541e+13 -1.688505e+15 +5.737508e+18 +1.726060e+19   +3.043300e-06 +5.621552e-06 -7.841337e-03 +1.255212e-02 +5.512193e+00 -2.742160e+02 +1.398140e+04 +8.337026e+05 +3.909209e+07 +1.290500e+09 -6.402087e+10 +8.277510e+12 -2.585375e+15 -1.524404e+17 +1.668606e+19   
Q20-092   +1.994950e+00   +6.600221e-06 -7.584782e-02 +1.282600e-02 -8.904950e-02 +4.384120e+00 +1.257828e+03 -3.627900e+04 -1.445927e+05 -6.124133e+07 -2.863865e+11 -1.151964e+12 +3.657442e+13 -6.284152e+15 +5.832693e+18 -4.128896e+19   +1.677301e-06 -8.489802e-06 -1.018836e-03 -2.119219e-02 +3.840517e+00 -2.838261e+00 -1.984548e+03 -3.879955e+05 +1.317587e+08 -3.079006e+09 -5.750315e+11 -6.995955e+13 +5.570430e+15 +9.132389e+16 -2.809337e+19   
Q20-094   +1.993250e+00   +1.057179e-05 -7.587006e-02 +2.324750e-02 -2.653240e-02 +1.101977e+01 +1.360524e+03 -5.433904e+04 +1.341364e+04 -9.405102e+06 -2.784025e+11 +4.219175e+11 +2.089097e+13 -4.246516e+15 +5.750528e+18 -1.138383e+19   -1.134702e-06 -8.360938e-06 +8.343725e-03 +1.343411e-02 -1.214794e+00 -2.824645e+02 -3.879728e+04 -3.150940e+03 +5.293761e+07 -3.873977e+09 +1.482501e+11 -5.005161e+13 +3.566892e+14 +2.599106e+17 -7.175156e+18   
Q20-098   +1.995550e+00   +6.387627e-07 -7.544832e-02 -7.947438e-03 -1.379748e-02 -4.583643e+00 +1.336262e+03 +1.281887e+04 -5.226975e+04 +9.807261e+07 -2.836075e+11 -3.302440e+11 +2.982201e+13 -1.744219e+15 +6.209271e+18 +8.269906e+18   +2.885933e-06 -1.528186e-05 -5.648418e-03 -2.057131e-02 +4.001624e+00 -1.086475e+02 +7.247145e+03 +2.591238e+05 +7.017158e+07 -5.500599e+08 +8.414502e+10 +1.396374e+13 +4.950017e+14 +1.429617e+17 +1.355692e+19   
Q20-102   +1.995250e+00   +1.929151e-06 -7.527548e-02 -3.478799e-03 -6.208450e-02 -4.930275e+00 +1.135407e+03 +7.376118e+03 +4.373615e+05 +3.549581e+07 -2.795815e+11 +2.702969e+11 +2.473330e+13 -3.714240e+15 +6.217607e+18 -8.221376e+18   +2.095193e-07 +3.489850e-05 +3.647488e-03 +8.780845e-02 -2.836045e-01 -4.299717e+02 -7.536629e+03 -2.187024e+06 +1.233299e+08 +9.021887e+09 +1.172300e+11 -8.966300e+12 -3.304603e+15 -2.236218e+17 +4.413128e+18   
Q20-106   +1.995750e+00   +5.539201e-06 -7.718447e-02 +9.923006e-03 -9.563583e-02 +2.577625e+00 +1.706874e+03 -3.764739e+04 +4.310755e+05 +1.516636e+07 -2.913614e+11 +1.380917e+11 +3.913700e+13 -2.458768e+14 +6.061671e+18 -1.236049e+19   +8.136350e-06 +1.332401e-05 -2.427052e-02 +4.996828e-02 +1.051174e+01 -3.108238e+02 +6.151913e+04 -1.361371e+06 +2.626281e+07 +3.399428e+09 -6.686243e+11 -6.248909e+12 -1.875332e+15 -6.619737e+16 -1.750569e+19   
Q20-115   +1.994150e+00   +4.800680e-06 -7.522503e-02 +6.478901e-03 -1.022925e-02 +2.126850e+00 +1.064177e+03 -2.058152e+04 -2.855146e+05 +4.295837e+07 -2.719427e+11 +3.807573e+11 -7.111807e+12 -2.838722e+15 +6.036617e+18 -1.623328e+19   +1.815501e-06 -1.949043e-05 -2.430680e-03 +3.297093e-02 +5.465642e+00 -1.123586e+02 +9.491091e+02 +1.254142e+06 -7.467904e+06 +1.089649e+09 +3.487435e+11 +3.968783e+12 -5.229832e+15 -5.342773e+17 -1.965258e+19   
Q20-118   +1.994000e+00   +1.364591e-06 -7.489754e-02 -6.296374e-03 +1.815224e-02 -2.346801e+00 +1.145976e+03 +1.817194e+04 +1.129854e+05 +9.212467e+07 -2.734241e+11 -3.527453e+11 +4.522616e+13 -5.227889e+14 +6.155075e+18 -1.498249e+19   +1.509223e-06 -2.023861e-05 +1.001485e-03 +5.593049e-03 +4.626065e+00 -2.114490e+02 -5.723400e+03 +4.140462e+05 +7.305496e+07 -1.428557e+09 +2.987770e+11 -3.785353e+13 +2.302669e+15 +1.977464e+17 -8.005702e+18   
Q20-120   +1.993700e+00   +8.730611e-07 -7.562557e-02 -7.642805e-03 +4.976812e-02 -6.159984e+00 +1.333967e+03 +9.494011e+03 -1.558020e+05 +1.450363e+08 -2.768020e+11 -1.011287e+12 +7.761800e+13 -8.755535e+14 +5.756342e+18 -1.494902e+19   +3.207627e-06 -8.121021e-06 -8.042855e-03 +1.706489e-02 +5.424367e+00 -2.823668e+02 -1.000864e+04 -1.180593e+06 +7.831258e+07 -5.751031e+09 -1.167985e+12 -1.615332e+14 -3.216497e+15 -3.181305e+17 -6.412906e+19   
Q20-121   +1.995200e+00   +2.228771e-06 -7.554010e-02 -1.543240e-03 -5.455949e-03 -3.837489e+00 +9.873732e+02 -3.712880e+03 +6.624870e+04 +1.277994e+08 -2.815711e+11 -8.091028e+11 +4.247626e+13 +2.075321e+15 +5.979285e+18 -9.792216e+18   +2.913998e-06 -3.409922e-06 -3.753723e-03 -3.536524e-02 +4.220152e+00 -5.947634e+02 -8.010144e+03 +7.670409e+05 -4.242298e+07 +6.586272e+09 -1.858414e+11 -6.115206e+12 -2.833695e+15 -5.869732e+15 -1.498477e+19   
Q20-123   +1.995300e+00   +3.469380e-06 -7.478129e-02 +6.100356e-04 -7.655866e-04 +1.258683e+00 +1.001251e+03 -6.592006e+03 -9.151311e+05 +1.320541e+08 -2.857731e+11 +1.335214e+11 +1.883187e+13 +1.151548e+15 +5.701794e+18 +1.480184e+19   -3.723040e-07 -3.032951e-06 +4.725601e-03 +6.742675e-02 +1.789809e+00 -1.531488e+01 -7.751180e+03 -5.871683e+05 +1.830875e+07 +8.284859e+09 +6.903172e+11 -9.724613e+13 -1.630454e+15 -1.146906e+17 -9.495504e+18   
Q20-129   +1.994850e+00   +3.469106e-06 -7.576635e-02 -1.081521e-03 -4.139977e-02 -1.503286e+00 +1.385278e+03 -2.920232e+02 -3.826074e+04 +4.380615e+07 -2.813733e+11 -7.536717e+10 +2.420652e+13 -1.726466e+15 +6.111056e+18 +1.821729e+19   +1.755755e-06 +2.821755e-05 -3.014033e-03 +2.619812e-02 +4.482781e+00 -2.648100e+02 +5.225586e+03 +1.242301e+05 +5.520039e+07 +6.918871e+09 +4.955229e+10 -5.904935e+12 +6.675810e+14 +8.334040e+16 -8.520916e+18   
Q20-131   +1.995050e+00   +2.533010e-06 -7.591845e-02 -6.724232e-04 +2.629841e-02 -3.773830e-01 +1.061408e+03 +5.408681e+03 -1.856929e+05 -9.492845e+07 -2.750452e+11 -9.596677e+10 -2.110921e+13 -3.268627e+15 +5.810125e+18 -8.059212e+17   +1.371776e-06 +2.599441e-05 -1.029576e-03 +3.104612e-02 +1.891980e+00 -4.419770e+02 +3.108860e+03 +1.316475e+06 +1.667812e+08 +1.073993e+10 +8.149259e+11 +6.651442e+12 +5.348703e+15 -6.120959e+17 +1.687400e+19   
Q20-132   +1.994900e+00   -1.396801e-06 -7.558419e-02 -1.190056e-02 -9.823104e-02 -1.016564e+01 +1.193957e+03 +5.889543e+03 -4.548980e+05 +1.452526e+08 -2.849359e+11 -1.305492e+11 +1.582599e+13 -2.105014e+15 +6.074219e+18 +3.239372e+19   +4.086119e-06 -7.497960e-06 -1.030053e-02 +1.844580e-02 +1.215570e+01 -2.543166e+02 +3.774214e+04 -1.271423e+06 +2.060350e+08 -1.469004e+10 +6.901930e+11 -1.375111e+14 +6.690797e+15 +1.649041e+16 +3.471367e+19   
Q20-133   +1.994650e+00   +1.249001e-06 -7.483799e-02 -6.300048e-03 +5.662221e-02 -3.403359e+00 +1.340319e+03 +1.307193e+04 +2.129900e+05 +7.337222e+07 -2.739259e+11 -8.211636e+11 +2.847793e+13 +6.183355e+14 +6.166014e+18 -1.263087e+19   +3.757508e-06 +1.268606e-05 -7.128910e-03 +6.367022e-02 +7.415080e+00 -3.147911e+02 +1.956631e+04 -3.182535e+05 -2.229779e+07 +5.761708e+09 +2.414814e+11 +2.871953e+13 -3.771935e+15 +2.206456e+17 +4.911238e+18   
Q20-137   +1.995500e+00   +4.031051e-06 -7.595214e-02 +2.206216e-03 +4.976183e-02 +2.276466e+00 +1.500361e+03 -9.808339e+03 -3.405958e+05 +1.954023e+08 -2.786098e+11 +3.079272e+11 +4.579274e+13 -3.627669e+15 +6.253235e+18 +3.409197e+19   +1.937376e-06 +3.154978e-05 -3.224552e-03 +1.906129e-02 +4.947448e+00 -2.138289e+02 +1.092011e+04 +1.651236e+06 -1.035614e+07 +1.198920e+10 -2.002207e+11 +9.466505e+12 +1.817808e+15 +5.235650e+16 -9.637745e+18   
Q20-141   +1.995250e+00   +2.514903e-06 -7.573352e-02 -2.794601e-03 -1.406747e-02 -6.230322e+00 +1.306934e+03 +8.823601e+03 +3.419613e+05 +7.796432e+07 -2.799348e+11 +8.715038e+10 -1.177351e+13 -2.157432e+15 +5.896885e+18 -1.015060e+19   +9.842792e-07 +2.516899e-05 +1.160242e-03 +2.016606e-02 +9.340093e-01 -1.474481e+02 -5.268458e+03 +1.105326e+06 +6.091322e+07 +5.388533e+09 +2.471936e+10 -3.651388e+12 -1.648399e+15 -2.662906e+17 +4.289893e+18   
Q20-145   +1.993250e+00   +2.286049e-06 -7.580655e-02 -4.519962e-03 -4.312880e-02 -1.915527e+00 +1.392705e+03 +1.494790e+04 -1.009060e+05 +1.502583e+07 -2.842676e+11 -1.352278e+11 +3.152815e+13 -3.056868e+15 +5.712028e+18 +2.980279e+19   -2.211797e-06 -1.750402e-05 +9.633077e-03 +3.850771e-02 -3.877241e+00 -3.848999e+02 -4.445155e+04 -3.085295e+04 +5.177740e+07 -5.098703e+09 +3.521089e+11 -4.433609e+12 -3.654836e+15 -1.052459e+17 -2.813317e+19   
Q20-146   +1.995700e+00   +1.524490e-06 -7.514667e-02 -5.968392e-03 -4.219373e-02 -3.307421e+00 +1.451195e+03 +5.884893e+03 -5.049777e+04 +1.891302e+08 -2.632877e+11 -7.964664e+11 -1.043813e+13 +4.160078e+15 +6.317037e+18 -1.469766e+19   +2.521794e-06 -1.930764e-05 -5.534123e-03 +4.094337e-02 +4.622199e+00 -1.823128e+02 -4.740890e+03 -2.277876e+06 +4.116933e+07 +4.894844e+09 -4.407815e+11 -8.342952e+13 -1.518285e+15 +7.488606e+17 -2.169410e+19   
Q20-147   +1.995300e+00   +2.733655e-07 -7.622829e-02 -1.094752e-02 -1.019550e-01 -5.212118e+00 +1.562772e+03 +1.748347e+04 +1.279312e+05 +8.825229e+07 -2.850163e+11 -7.176149e+11 +6.164898e+13 -6.660833e+14 +6.712159e+18 -2.653195e+19   +3.829864e-06 -6.517135e-06 -9.964857e-03 +7.713878e-03 +9.279367e+00 -2.368059e+02 +1.347019e+04 +7.002917e+05 +1.002815e+08 -8.234601e+09 -7.242520e+11 +6.351185e+13 -4.540943e+15 -4.238275e+17 -3.786372e+19   
Q20-152   +1.995850e+00   +3.617818e-06 -7.477406e-02 +1.112629e-03 -1.086165e-01 -2.416620e+00 +1.309164e+03 -8.359110e+03 +4.967858e+05 +1.400214e+07 -2.706107e+11 +4.141233e+11 -4.095973e+13 -1.269350e+15 +6.202891e+18 +1.798112e+19   +4.448732e-08 +8.010642e-06 +2.095066e-03 +3.881470e-02 +1.289915e+00 -3.840034e+01 -1.699487e+04 -4.129533e+05 -4.620456e+07 +8.072065e+09 -1.023039e+12 -3.810191e+12 -6.664835e+15 -1.389511e+17 -4.816245e+18   
Q20-155   +1.995200e+00   +3.368122e-06 -7.540257e-02 -5.191705e-04 +1.517701e-01 +2.129170e+00 +8.332017e+02 -8.071146e+03 -1.088017e+06 +3.419387e+08 -3.012103e+11 -1.387629e+12 -1.126009e+14 +1.977897e+16 +5.732122e+18 -8.379090e+19   +5.419301e-06 +2.985143e-05 -1.405803e-02 -1.650168e-03 +9.729140e+00 -7.152671e+01 -2.099711e+04 -1.004324e+06 +1.755814e+07 +1.930969e+10 -4.055757e+11 +2.487551e+13 -9.012460e+15 +2.780812e+17 -9.673827e+18   
Q20-168   +1.995250e+00   +4.173089e-06 -7.566646e-02 +3.874380e-03 -2.497872e-02 +9.977938e-01 +1.102710e+03 -1.168982e+04 -5.513144e+05 +1.049035e+07 -2.757292e+11 -1.394393e+11 -1.416597e+13 -1.621709e+15 +5.836401e+18 -1.436085e+19   +3.726011e-06 -2.864891e-05 -7.848184e-03 +1.267031e-02 +4.658755e+00 -2.279026e+02 +2.507358e+04 -5.747230e+05 -3.147568e+07 +3.295700e+09 +1.987852e+11 -5.702649e+12 -2.826172e+15 +2.563874e+17 +1.097020e+19   
Q20-169   +1.995500e+00   +5.793555e-06 -7.617434e-02 +6.234553e-03 +1.434187e-02 +5.989732e-01 +9.897645e+02 -1.594779e+04 -3.499279e+05 +2.737489e+07 -2.800551e+11 +8.310213e+10 +2.310551e+13 -1.259263e+15 +6.023824e+18 -2.260196e+19   -4.480894e-07 +1.367766e-05 +6.076793e-03 +1.209935e-01 +2.038536e+00 -1.118199e+02 -1.709508e+04 +1.242910e+05 +4.091096e+07 -1.425451e+09 +1.267140e+11 -1.089986e+13 +1.352321e+15 +1.264324e+16 +7.650193e+16   
Q20-172   +1.992750e+00   +5.334563e-06 -7.724817e-02 +7.653795e-03 +6.917742e-03 +2.732824e+00 +1.494342e+03 -3.484442e+03 -1.014898e+06 +2.361052e+08 -2.598804e+11 +8.320733e+11 -5.216987e+13 +7.006775e+15 +6.291181e+18 +8.813549e+17   -3.068572e-07 -1.752776e-05 +2.639558e-03 +2.403429e-02 -3.529900e+00 -4.480986e+02 -1.138741e+04 -1.206980e+06 -1.711545e+08 -2.029719e+09 +1.426656e+12 +8.675664e+12 -5.120492e+15 +3.256662e+17 -1.921760e+19   
Q20-173   +1.995200e+00   +2.571603e-06 -7.632593e-02 -2.680918e-03 -4.432123e-02 -1.505818e+00 +1.220496e+03 +1.951556e+01 -5.491855e+05 +6.305533e+07 -2.814636e+11 -4.413187e+11 -4.531706e+12 -3.386824e+15 +5.840427e+18 +6.935134e+18   -9.866319e-07 -4.608737e-06 +5.774649e-03 -3.376456e-02 -2.507422e+00 -2.908957e+02 -2.843112e+04 -2.033135e+05 +1.762429e+07 +2.607145e+09 +6.229786e+10 -1.007170e+13 -1.509811e+15 -1.381914e+17 -2.666499e+19   
Q20-174   +1.993100e+00   -1.174899e-06 -7.734283e-02 -1.081770e-02 +1.975550e-02 -7.276695e+00 +1.358043e+03 +2.124165e+04 -4.783261e+05 +1.241916e+08 -2.814217e+11 -3.826923e+11 +1.755569e+13 +4.222405e+15 +5.870217e+18 +7.089373e+18   +4.246679e-06 +4.036795e-06 -1.006249e-02 +1.090319e-01 +5.904746e+00 -1.906687e+02 +1.474454e+04 -8.462701e+05 +4.257032e+07 +5.016452e+09 +3.110586e+11 -1.441211e+12 -1.585991e+15 +5.559024e+17 -5.817671e+18   
Q20-175   +1.994900e+00   +4.085090e-06 -7.658484e-02 +4.684859e-03 -1.699377e-02 +9.042729e-01 +1.128061e+03 -4.435455e+02 -9.864755e+05 +5.934568e+07 -2.894458e+11 +3.823382e+11 -6.125039e+12 +2.299923e+14 +6.355672e+18 +3.422879e+19   +3.968634e-06 +1.614842e-05 -1.006824e-02 +2.582947e-02 +7.206657e+00 -4.133530e+01 +2.071272e+04 -2.830516e+05 +9.980270e+07 +6.475452e+08 +2.758067e+11 -1.848388e+13 -1.826578e+15 +7.635581e+16 +1.248351e+19   
Q20-177   +1.994900e+00   +1.432376e-06 -7.587774e-02 -5.735089e-03 -1.238564e-01 -6.938729e+00 +1.063235e+03 +1.255844e+04 +6.029761e+05 +1.895265e+07 -2.827015e+11 -6.363136e+11 +1.622712e+13 -2.383822e+15 +5.949982e+18 -5.998712e+18   -3.751367e-06 +9.971808e-06 +1.698026e-02 -2.352193e-02 -5.633952e+00 -1.699117e+02 -4.856666e+04 -8.187694e+04 +1.362356e+07 -2.595873e+09 +5.082415e+11 +1.398736e+12 +2.013761e+15 +2.979036e+17 -1.176469e+19   
Q20-179   +1.995750e+00   +2.443233e-06 -7.518928e-02 -3.705660e-03 +3.537456e-02 -4.803309e+00 +9.586216e+02 +4.817764e+03 -7.786391e+05 +7.285662e+07 -2.857125e+11 +2.272156e+11 -8.288192e+12 -2.280113e+15 +6.185715e+18 +7.304196e+18   +1.031069e-06 +1.591916e-05 -8.009911e-04 -2.056142e-03 +2.234009e+00 -3.666673e+02 +6.125883e+03 +2.250495e+05 +3.906657e+07 +1.074133e+09 +2.711510e+11 -2.131475e+13 +6.862538e+15 -1.794816e+17 +2.638333e+19   
