# multipoles are divided by excitation current and units are [T], [m] and [A]
# harmonics (dipole n=0): 00 01 02 03 04 05 06 07 08 09 10 11 12 13 14 
# MAG_LABEL   CURRENT[A]   <NORMAL_MULTIPOLES/CURRENT>[T/m^(n-1)/A]   <SKEW_MULTIPOLES/CURRENT>[T/m^(n-1)/A]
Q20-005   +8.999865e+01   -4.378960e-07 -5.916724e-02 -3.522743e-04 -7.354066e-02 -2.506460e-01 +2.115177e+03 -2.038808e+03 +1.972327e+05 -3.417411e+07 -2.331255e+11 -3.248001e+10 -3.871261e+12 +7.849766e+14 +4.656571e+18 +1.153773e+18   -1.561765e-07 -1.213703e-05 +5.397131e-04 +1.212804e-02 -7.833094e-01 -1.347011e+02 +3.477703e+02 -3.873078e+04 +7.602013e+06 +3.093082e+09 +1.062715e+09 -5.306395e+12 -3.731954e+14 -1.669015e+16 +1.760579e+18   
Q20-007   +8.999935e+01   +4.376962e-07 -5.918943e-02 -1.191086e-03 -7.696007e-02 -7.746724e-01 +2.353127e+03 -2.540761e+03 +2.098238e+05 +1.631232e+07 -2.322652e+11 -7.434317e+10 +2.322011e+12 +2.849281e+13 +4.617271e+18 +2.793918e+18   +2.849387e-07 -7.061733e-06 -5.189963e-04 +1.647854e-02 -4.368542e-01 -1.743620e+02 +1.252870e+00 -9.707530e+04 +1.128855e+07 +3.951071e+09 -3.200996e+10 -1.272558e+13 -5.969136e+14 -1.120944e+16 -1.315824e+18   
Q20-009   +8.999885e+01   +2.039539e-07 -5.917011e-02 -8.333504e-04 -1.208747e-01 -5.695308e-01 +2.324716e+03 -3.128803e+02 +2.282736e+05 +1.374271e+07 -2.332201e+11 +1.137767e+10 -5.629553e+12 -5.228499e+14 +4.694676e+18 +1.138375e+18   +2.122407e-07 -1.164040e-05 -4.961287e-04 +1.160380e-02 +4.901038e-01 -1.741271e+02 -3.286010e+01 +4.890390e+04 +5.297238e+05 +4.691167e+09 -5.229162e+09 -4.590171e+12 -3.020532e+13 -1.015069e+17 +2.604661e+18   
Q20-010   +8.999810e+01   +5.764127e-07 -5.916749e-02 -4.733859e-04 -1.034350e-01 -4.744390e-01 +2.310780e+03 -2.433102e+03 +6.993441e+04 +7.407712e+06 -2.334697e+11 -1.421074e+10 +1.961653e+12 -5.523707e+13 +4.752788e+18 +5.162936e+17   -6.818665e-08 -5.106030e-06 -6.682972e-04 +1.759879e-02 +1.689807e+00 -2.237672e+02 +1.590229e+02 +6.001940e+04 -1.195831e+07 +5.204635e+09 -7.641352e+10 -7.527081e+12 +5.332921e+14 -1.235867e+17 +3.608143e+18   
Q20-011   +8.999805e+01   +1.365076e-08 -5.914800e-02 -1.051585e-03 -8.103823e-02 -8.009758e-01 +2.363088e+03 -2.391603e+03 +1.471224e+05 +5.743198e+06 -2.331494e+11 +5.458653e+10 -2.853788e+12 +9.284573e+13 +4.732017e+18 +6.793146e+17   +4.687514e-07 -4.448391e-06 -1.226991e-03 -6.556943e-03 +1.230210e+00 -1.968927e+02 +2.356604e+03 +1.365830e+05 +8.602808e+06 +4.892332e+09 -5.472032e+10 -8.920380e+12 -2.168854e+14 -8.958695e+16 +1.029205e+18   
Q20-012   +8.999865e+01   +2.698780e-07 -5.916524e-02 -1.429535e-03 -1.257231e-01 -8.467779e-01 +2.311092e+03 -2.754539e+01 +3.147694e+05 +1.868578e+07 -2.321048e+11 +1.638121e+10 -9.792260e+12 -3.290758e+14 +4.641851e+18 -4.407082e+18   +3.316712e-07 -2.868180e-05 -1.128031e-03 +3.809815e-03 +1.323045e+00 -2.338341e+02 +3.992135e+02 +7.000364e+04 +1.553611e+07 +6.291308e+09 +1.628097e+10 -1.075479e+13 -7.163876e+14 -9.976975e+16 -2.201286e+18   
Q20-013   +8.999815e+01   +4.216817e-07 -5.914433e-02 -6.086567e-04 -8.193441e-02 +2.400518e-02 +2.312493e+03 -1.962229e+03 -1.411277e+04 +2.161782e+07 -2.349248e+11 +6.195890e+10 +6.387578e+12 -7.157799e+14 +4.802840e+18 +8.646427e+17   +4.371167e-07 -2.061458e-05 -9.888133e-04 +3.200742e-02 +8.844955e-02 -2.754286e+02 +2.356880e+02 -2.990015e+03 +8.539368e+06 +6.613279e+09 +2.948942e+10 -1.103428e+13 -3.564124e+14 -1.902005e+17 +7.148110e+17   
Q20-014   +8.999835e+01   +4.097475e-07 -5.915763e-02 +2.213329e-04 -6.932733e-02 +1.124440e+00 +2.276613e+03 -4.475254e+03 +1.384500e+05 +6.293990e+06 -2.343253e+11 +7.886563e+10 -1.609587e+11 -1.004121e+14 +4.749453e+18 +1.781205e+18   +9.620463e-08 -2.736428e-05 -3.306084e-04 +4.115470e-02 -3.841990e-01 -1.971957e+02 -1.769714e+02 +2.671886e+04 -2.911838e+06 +3.469857e+09 +2.692466e+10 -5.074864e+12 -1.282431e+14 -1.087852e+17 +1.044459e+18   
Q20-015   +8.999820e+01   +2.235937e-07 -5.916051e-02 -1.524220e-03 -1.002776e-01 -5.227880e-01 +2.329571e+03 +1.406254e+03 -2.006536e+04 +1.308884e+07 -2.358046e+11 -2.422224e+10 +4.494385e+12 -7.565941e+13 +4.777132e+18 +7.611208e+17   +3.129449e-07 -6.257640e-06 -1.272921e-03 +9.210838e-03 +5.422498e-01 -2.681501e+02 +2.822619e+03 -1.537041e+05 +2.135724e+06 +5.458190e+09 -4.841582e+10 +2.057898e+12 +2.258127e+14 -9.170406e+16 +2.156282e+18   
Q20-016   +8.999990e+01   -6.351677e-08 -5.915143e-02 -1.882625e-03 -5.886080e-02 -5.377944e-01 +2.327550e+03 +8.720310e+02 +6.502403e+04 -1.555022e+06 -2.336764e+11 -5.685853e+10 +1.545113e+12 -1.589442e+14 +4.719597e+18 +1.347001e+18   +5.361125e-07 -2.000261e-05 -1.177594e-03 +1.359902e-02 +7.421746e-01 -2.900940e+02 +6.765283e+02 +2.266540e+05 +1.025804e+07 +7.669166e+09 +1.582094e+11 -9.293833e+12 -2.712150e+14 -1.995344e+17 -6.184057e+18   
Q20-021   +8.999975e+01   +9.383385e-07 -5.913308e-02 -4.010784e-04 -9.742984e-02 -5.292584e-01 +2.273951e+03 -8.760728e+02 +2.987251e+05 +4.786243e+07 -2.340661e+11 -6.650454e+10 -7.916813e+12 -1.349408e+15 +4.747952e+18 +2.484067e+18   +7.144989e-07 +8.847986e-07 -1.830791e-03 +2.947967e-02 +1.887785e+00 -2.542425e+02 +3.068733e+03 -1.727200e+05 +7.647388e+06 +7.273055e+09 -4.841005e+10 -4.618502e+12 -2.387100e+14 -2.477197e+17 +3.653830e+18   
Q20-022   +8.999815e+01   +2.934858e-07 -5.909900e-02 -6.347337e-04 -9.817945e-02 +4.343363e-01 +2.250001e+03 -1.519072e+03 +6.599646e+04 -3.479150e+05 -2.322770e+11 +1.467582e+10 +9.768307e+11 -1.540957e+14 +4.664685e+18 +5.317980e+17   +6.121177e-08 -1.191293e-05 +2.073749e-04 +2.013619e-03 +2.432378e-01 -2.150501e+02 +1.271411e+03 +2.109709e+05 +3.543256e+06 +4.275409e+09 -5.103900e+10 -1.009279e+13 -2.620725e+11 -5.236439e+16 +2.935940e+18   
Q20-023   +8.999825e+01   +1.589688e-07 -5.912197e-02 -1.432308e-03 -5.773551e-02 +4.872896e-03 +2.340878e+03 +2.002548e+02 -8.368452e+03 +1.528287e+06 -2.332998e+11 +1.020873e+09 -2.818294e+12 -1.459326e+14 +4.714093e+18 -5.737687e+17   +4.835318e-07 -1.225475e-05 -1.132389e-03 +2.983097e-02 +1.461567e+00 -2.662985e+02 +2.129665e+03 +1.989893e+04 +7.927265e+06 +5.636486e+09 -5.367747e+10 -3.176224e+12 -4.746560e+14 -1.132461e+17 +1.141022e+18   
Q20-026   +8.999915e+01   +2.369677e-07 -5.913658e-02 -2.121864e-03 -3.410583e-02 -2.119253e+00 +2.316071e+03 +8.322535e+02 +1.064695e+05 +3.295301e+07 -2.335808e+11 -5.115568e+10 -2.609214e+11 -6.996958e+14 +4.693839e+18 +1.092443e+18   +4.057322e-07 -2.058019e-05 -3.720005e-04 +7.028780e-03 -2.026370e-01 -1.662190e+02 +6.611747e+02 +5.603996e+04 +2.269254e+07 +3.289359e+09 +3.182700e+10 -2.120733e+12 -8.256282e+14 -5.233855e+16 -1.575320e+18   
Q20-027   +8.999965e+01   +5.242266e-07 -5.915469e-02 -1.162838e-03 -8.157564e-02 -3.654948e-01 +2.302812e+03 -1.026516e+03 +1.155811e+05 +2.450081e+07 -2.318981e+11 +2.449800e+10 -3.008151e+12 -7.531870e+14 +4.705715e+18 -3.811974e+17   +8.227660e-08 -1.990998e-05 +3.867466e-05 +1.385964e-02 +2.058390e-01 -2.193840e+02 -5.922656e+02 +1.714997e+05 +8.431241e+06 +6.498297e+09 -2.755738e+09 -8.899105e+12 -2.384268e+14 -1.715338e+17 +4.538394e+17   
Q20-028   +8.999830e+01   +4.064212e-08 -5.914615e-02 -1.438622e-03 -8.067480e-02 -7.108018e-01 +2.282782e+03 -3.057121e+03 +7.599821e+04 +2.793439e+07 -2.319809e+11 +4.532222e+10 +4.487100e+11 -8.905870e+14 +4.730119e+18 -1.679339e+18   +2.560174e-07 -1.669546e-05 -3.448570e-04 +2.247118e-02 +1.642449e-01 -1.906493e+02 -1.368793e+03 +2.598236e+05 +2.412669e+07 +2.535203e+09 +2.552959e+10 -4.666460e+12 -5.976293e+13 +1.326528e+16 -8.893647e+17   
Q20-033   +8.999860e+01   +6.395693e-07 -5.912608e-02 -9.328273e-04 -8.322052e-02 -8.335310e-01 +2.320133e+03 -1.187512e+03 +8.885675e+04 +2.669977e+07 -2.332891e+11 +3.021525e+10 +3.238985e+12 -7.870330e+14 +4.762277e+18 -9.852045e+17   +4.421878e-07 -1.491815e-05 -9.703773e-04 +2.147451e-02 +1.102330e+00 -1.519743e+02 +6.310728e+02 -7.515925e+04 +2.306446e+07 +4.334979e+09 +3.382752e+10 -9.612091e+12 -6.724335e+14 -5.924484e+16 -2.369146e+18   
Q20-034   +8.999830e+01   +2.371866e-07 -5.909601e-02 -9.856671e-04 -8.775479e-02 -1.032211e+00 +2.322506e+03 -1.308762e+03 +2.238986e+05 +1.537971e+07 -2.350349e+11 +1.740480e+10 -4.966745e+11 -5.464405e+14 +4.747265e+18 -1.652541e+17   +8.443137e-07 -2.176137e-05 -4.015425e-03 +1.045923e-02 +3.257500e+00 -2.205266e+02 +8.758561e+03 +2.066678e+05 -3.577371e+06 +1.738348e+09 -8.729632e+10 -1.207385e+13 -3.268706e+14 +4.885510e+16 +3.503602e+17   
Q20-035   +8.999840e+01   +3.142474e-07 -5.911935e-02 -2.017666e-03 -6.505116e-02 -1.373804e+00 +2.301640e+03 +1.265779e+03 +7.875559e+04 +2.979824e+07 -2.325334e+11 -3.381322e+10 -1.595548e+12 -6.833474e+14 +4.725272e+18 +4.407069e+17   +1.583713e-07 -1.943772e-05 -1.121548e-04 +2.564129e-02 -4.028551e-03 -1.492429e+02 -6.849217e+02 +6.973795e+04 +1.509115e+06 +5.537260e+09 -5.429081e+10 -5.613075e+12 -1.807665e+13 -1.335514e+17 +3.289168e+18   
Q20-036   +8.999855e+01   +4.169577e-07 -5.918070e-02 -9.526437e-04 -8.016365e-02 -5.681768e-01 +2.249125e+03 -1.223125e+03 +2.718823e+05 -7.096685e+06 -2.305633e+11 -5.857687e+10 -3.393045e+12 +5.907974e+14 +4.608803e+18 +4.835898e+18   +7.266250e-07 -2.177666e-05 -1.336149e-03 +2.586896e-02 +1.809219e-01 -1.865489e+02 +4.717319e+03 -3.766096e+04 +2.384870e+07 +6.353709e+09 -8.435381e+10 +4.819845e+12 -1.209729e+15 -1.047927e+17 +2.405645e+18   
Q20-038   +8.999825e+01   +5.574365e-07 -5.915205e-02 -1.421551e-03 -9.359314e-02 -8.591723e-01 +2.299798e+03 -2.008588e+03 -6.986384e+03 +9.958169e+06 -2.329822e+11 +6.802492e+10 -3.310448e+11 -1.226522e+14 +4.712283e+18 -1.019254e+18   +3.129245e-07 -2.407351e-05 -2.260164e-04 +3.128341e-02 +8.349407e-02 -2.062272e+02 +2.085815e+03 +1.719399e+05 +1.972477e+04 +2.985881e+09 -8.350768e+10 -1.647215e+13 -5.347171e+12 -7.120758e+16 +4.221219e+18   
Q20-039   +8.999840e+01   +9.172404e-07 -5.914413e-02 -6.821669e-04 -4.840388e-02 -4.314838e-02 +2.304193e+03 -2.727872e+03 -1.454413e+05 +2.401968e+07 -2.334934e+11 +3.258328e+10 +2.501366e+12 -7.441520e+14 +4.724372e+18 +1.892541e+18   +1.396898e-07 -8.662284e-06 -3.357462e-04 +2.967019e-02 +4.876080e-01 -1.744985e+02 -1.523603e+02 +1.474466e+05 +1.131410e+07 +2.118488e+09 +2.197941e+09 -1.320569e+13 -5.072810e+14 +5.871140e+15 +2.144440e+18   
Q20-041   +8.999925e+01   +5.706292e-07 -5.911314e-02 -1.411767e-03 -6.596599e-02 -4.844511e-01 +2.253469e+03 +1.168594e+03 +3.582159e+05 +3.457742e+07 -2.311505e+11 +3.325430e+10 -8.760965e+12 -1.093639e+15 +4.634745e+18 -1.540194e+18   +4.950229e-07 -2.721427e-06 -8.576153e-04 +1.137227e-02 +1.153620e+00 -2.540785e+02 +1.119786e+03 +1.100594e+05 +1.292034e+07 +7.601447e+09 +5.219500e+09 -7.132578e+12 -3.491702e+14 -1.973825e+17 -1.304822e+18   
Q20-044   +8.999805e+01   +6.417471e-07 -5.910797e-02 -1.602604e-03 -9.875132e-02 -1.198474e+00 +2.333153e+03 +1.178070e+03 +2.751769e+05 +1.887681e+07 -2.338574e+11 -2.808336e+10 -3.883647e+12 -2.803884e+14 +4.742288e+18 +2.315497e+18   +8.006833e-07 -1.667962e-05 -2.597630e-03 +9.789188e-06 +2.420874e+00 -2.396781e+02 +6.666824e+03 +2.460012e+04 -5.919584e+06 +4.816451e+09 -1.620714e+11 -4.150171e+12 -2.056867e+14 -9.137558e+16 +5.249329e+18   
Q20-045   +8.999895e+01   +7.845293e-07 -5.908939e-02 -9.461187e-04 -6.124437e-02 -6.590147e-01 +2.329016e+03 +3.707669e+02 +1.046001e+05 +2.850533e+07 -2.332308e+11 -2.685097e+08 -4.742504e+12 -8.599268e+14 +4.740392e+18 -1.064866e+18   +5.347133e-07 -8.580639e-06 -1.440825e-03 +3.403940e-02 +1.293637e+00 -2.212796e+02 +1.937626e+03 +1.608572e+05 +6.683999e+06 +6.421266e+09 -2.710415e+09 -1.762672e+13 -4.149297e+14 -1.155567e+17 -8.868290e+17   
Q20-048   +8.999860e+01   +5.056934e-07 -5.905417e-02 +8.370786e-05 -2.072694e-02 +1.034854e+00 +2.278824e+03 -1.300510e+03 -8.891344e+04 +5.468485e+06 -2.302025e+11 -8.286986e+09 +4.064324e+12 -9.736261e+13 +4.626891e+18 +3.855267e+18   +3.822877e-08 -1.008587e-05 +7.292611e-04 +2.396424e-03 -1.378007e+00 -8.527618e+01 +4.743477e+01 +7.621472e+03 +1.945487e+07 +1.259770e+08 -4.550340e+10 -2.983582e+12 -5.667195e+14 +8.263973e+16 +1.540161e+18   
Q20-049   +8.999885e+01   +5.146278e-07 -5.906284e-02 -6.431344e-04 -8.308653e-02 +8.505866e-01 +2.301318e+03 -8.735566e+02 +1.660060e+05 +1.567456e+07 -2.304574e+11 +8.674705e+10 +2.272049e+12 +3.321494e+14 +4.639586e+18 -3.520934e+18   +7.460255e-07 -1.759405e-05 -2.476869e-03 +1.177879e-02 +1.814984e+00 -1.421565e+02 +3.471458e+03 +6.912272e+03 +3.659773e+06 +3.558098e+09 -2.672932e+10 -4.176598e+11 +1.173849e+14 -5.607837e+16 -3.245354e+17   
Q20-051   +8.999875e+01   +5.108202e-07 -5.900434e-02 -1.097576e-03 -5.125727e-02 +3.307365e-01 +2.320378e+03 +2.183049e+03 +4.096868e+04 +2.166145e+07 -2.293493e+11 -4.770202e+10 -4.046242e+11 -6.936011e+14 +4.625602e+18 +1.178800e+18   +4.438629e-07 -1.815635e-05 -7.833695e-04 +4.369500e-03 +9.139925e-01 -1.582580e+02 +3.317131e+02 +1.783625e+05 +4.269904e+06 +3.241959e+09 -3.023825e+10 -8.851782e+12 -4.885441e+14 +1.576437e+15 -6.752704e+17   
Q20-053   +9.000015e+01   +7.362207e-07 -5.906145e-02 -1.383461e-03 -9.233128e-02 +3.228877e-01 +2.282267e+03 -2.038128e+02 +2.287777e+05 +2.225407e+07 -2.298151e+11 +3.666257e+10 -7.453055e+12 -6.582370e+14 +4.651126e+18 -4.875279e+17   +8.672109e-08 -2.080935e-05 -6.585585e-04 +1.452318e-02 +1.725180e+00 -1.556053e+02 +1.583504e+03 +1.946641e+05 +6.519617e+06 +3.951735e+09 +4.281338e+08 -1.036798e+13 -5.106405e+14 -6.230207e+16 +1.641914e+18   
Q20-055   +8.999885e+01   +5.533546e-07 -5.904151e-02 -1.182012e-03 -3.056292e-02 -7.091077e-01 +2.298608e+03 +6.015865e+02 -4.422933e+04 +3.369874e+07 -2.311641e+11 +1.079250e+10 +5.744730e+12 -8.507720e+14 +4.697994e+18 -1.510104e+18   -3.020594e-09 -1.409167e-05 +4.967377e-04 -1.685240e-03 -7.677974e-02 -1.546983e+02 -3.569841e+03 +3.164680e+04 -5.166398e+04 +3.958211e+09 +3.535851e+10 -3.104181e+12 -1.026365e+14 -1.251248e+16 -1.815510e+18   
Q20-057   +8.999920e+01   +5.417380e-07 -5.901457e-02 -1.378488e-03 -6.278462e-02 -1.201761e+00 +2.310375e+03 +6.497018e+02 +6.730566e+04 +2.676764e+07 -2.306126e+11 -2.014100e+10 +1.686262e+12 -9.002164e+14 +4.658909e+18 +5.757957e+17   +4.015870e-07 -1.023576e-05 -2.697115e-04 +7.196792e-03 +1.156375e+00 -1.110661e+02 -1.847160e+03 +1.264030e+05 +6.266863e+06 +1.007450e+09 -1.806292e+10 -1.053373e+13 -3.366225e+14 +8.281790e+16 +7.979213e+17   
Q20-061   +8.999800e+01   +5.157790e-07 -5.912767e-02 +4.819102e-05 -5.856790e-02 +7.249407e-01 +2.302183e+03 -2.545767e+03 -1.101306e+05 +9.760280e+06 -2.320109e+11 -2.542955e+10 +6.425567e+12 -3.612180e+14 +4.700758e+18 +2.956195e+18   +3.565306e-07 +1.547849e-05 -1.437885e-03 +1.927743e-03 +6.189399e-01 -2.954295e+02 +2.649964e+03 -1.754867e+04 +5.849569e+05 +7.923318e+09 -8.411875e+10 -5.281320e+12 -1.836629e+14 -1.264718e+17 +3.216513e+18   
Q20-063   +8.999865e+01   +1.080318e-07 -5.907394e-02 -5.282780e-04 -5.946869e-02 +3.388700e-01 +2.243483e+03 -2.233012e+03 -5.407879e+04 -1.648716e+06 -2.276736e+11 +9.098221e+10 +6.212229e+12 -1.614312e+14 +4.591196e+18 +1.130611e+17   +3.227906e-07 -9.871487e-06 -1.259633e-03 +8.912249e-03 +1.323801e+00 -1.994347e+02 +1.808102e+03 +1.295833e+05 +1.951568e+07 +2.422614e+09 -3.947530e+10 -1.055418e+13 -7.340200e+14 +9.960204e+16 +8.522718e+17   
Q20-065   +8.999855e+01   +4.903610e-07 -5.907962e-02 -1.343728e-03 -4.929713e-02 -1.040305e+00 +2.291049e+03 +1.668696e+02 -2.350247e+03 +1.081741e+07 -2.286607e+11 -4.662527e+10 +2.676430e+11 -2.781139e+14 +4.606212e+18 +1.672628e+18   +3.943982e-07 -1.777585e-05 -9.466950e-04 +1.132066e-02 +6.228157e-01 -1.895955e+02 +2.077629e+03 +3.440740e+04 +1.791536e+07 +3.197555e+09 -1.743501e+10 -3.810180e+12 -5.157964e+14 +3.098328e+16 -9.012802e+17   
Q20-066   +8.999715e+01   +8.412494e-07 -5.908545e-02 -4.962818e-04 -1.814074e-02 -1.146917e-01 +2.267315e+03 +1.505574e+03 -2.612436e+04 +2.579393e+07 -2.301023e+11 +2.888181e+10 -2.370022e+12 -7.465859e+14 +4.634421e+18 -2.256338e+18   +1.132398e-07 -1.205823e-05 +8.092122e-04 +1.864689e-02 -3.737267e-01 -2.093404e+02 -4.985730e+03 +2.173290e+05 -6.965886e+05 +4.618268e+09 +9.585875e+10 -6.207292e+12 -7.173188e+13 +2.922913e+15 -3.195545e+17   
Q20-068   +8.999870e+01   +5.504046e-07 -5.911928e-02 -1.219532e-03 -4.541748e-02 +5.002104e-01 +2.318817e+03 +8.193482e+02 +6.238716e+04 +2.229551e+07 -2.308252e+11 +4.668801e+10 +2.493306e+12 -1.941797e+14 +4.663895e+18 -4.260952e+17   +2.217968e-07 -1.859945e-05 -2.570962e-04 +6.347953e-03 +6.957975e-02 -2.443200e+02 +1.761069e+03 +2.267472e+05 +1.269061e+06 +6.953347e+09 -1.472272e+09 -1.014432e+13 -2.173215e+14 -1.021189e+17 +1.204567e+18   
Q20-069   +8.999795e+01   -2.026684e-07 -5.907121e-02 -7.118818e-04 -1.045280e-01 +3.258902e-02 +2.277155e+03 +5.817293e+03 +3.869299e+05 -8.781617e+06 -2.308490e+11 -1.327139e+11 -1.515385e+13 -1.655685e+14 +4.684836e+18 +3.569476e+18   +4.512932e-07 +2.080640e-05 -8.749563e-04 +1.764796e-02 +1.733371e-01 -1.832018e+02 -7.202955e+02 +1.458997e+05 +9.745849e+06 +3.980104e+09 +6.858515e+10 -4.928912e+12 -4.347398e+14 -3.678797e+16 -2.856224e+18   
Q20-071   +8.999805e+01   +7.222613e-07 -5.909639e-02 +2.186731e-04 -8.873763e-02 +4.935836e-01 +2.310887e+03 -3.583638e+03 +2.437253e+05 +1.821472e+07 -2.311567e+11 +9.130389e+10 -7.891047e+12 -9.094280e+14 +4.682974e+18 -2.154141e+18   +3.898782e-07 +5.862228e-06 +7.512382e-04 +8.971866e-03 -2.029778e+00 -2.086602e+02 -2.867002e+03 +7.877678e+04 +1.836953e+07 +4.611143e+09 +1.633757e+11 -9.370297e+12 -1.486917e+14 -6.168040e+16 -3.950054e+18   
Q20-073   +8.999810e+01   +9.247027e-07 -5.910110e-02 -4.613730e-04 -7.880807e-02 +3.440718e-01 +2.317721e+03 -8.840119e+02 +2.673099e+05 +2.087030e+07 -2.334191e+11 -4.083245e+10 -3.354146e+12 -3.133081e+14 +4.808064e+18 +3.453337e+18   +3.292128e-07 +2.667751e-05 -1.009562e-04 +1.404176e-02 -7.185436e-01 -1.903026e+02 +2.635772e+03 -2.486578e+04 +1.939428e+07 +5.497921e+09 -3.140957e+10 -3.710072e+12 -6.474159e+14 -1.225964e+17 +1.230809e+18   
Q20-074   +8.999815e+01   +5.095967e-07 -5.909910e-02 -1.449715e-03 -6.396777e-02 -2.414760e-01 +2.284603e+03 -1.023095e+03 +2.356457e+05 +2.602842e+07 -2.322830e+11 +2.578644e+10 -1.585928e+12 -3.042446e+14 +4.710657e+18 +9.230086e+17   +3.615117e-07 +2.470053e-06 -2.745421e-04 +1.539563e-02 +7.825506e-02 -2.004397e+02 +4.070374e+03 -5.817245e+04 +1.585038e+07 +4.224711e+09 -9.253750e+10 -1.517778e+12 +3.890419e+13 -7.768245e+16 +3.576288e+18   
Q20-076   +8.999800e+01   +6.972679e-07 -5.908922e-02 -1.099487e-03 -3.382914e-02 -2.651972e-01 +2.203936e+03 -9.460760e+02 +7.250582e+04 +2.716977e+07 -2.323944e+11 +2.977434e+10 -1.751298e+12 -1.622276e+14 +4.759854e+18 +1.228482e+18   -7.551533e-08 +2.077392e-05 -4.482640e-04 +3.462704e-02 +1.355022e-01 -2.587803e+02 -8.495615e+02 +2.657268e+05 -1.917514e+07 +7.855920e+09 -7.088286e+10 -9.543093e+12 +2.440446e+14 -2.141074e+17 +4.413938e+18   
Q20-077   +8.999825e+01   +1.533641e-07 -5.906990e-02 -7.735352e-04 -5.247853e-02 -1.188752e+00 +2.272905e+03 -8.745621e+02 +6.703103e+04 +5.220804e+06 -2.330514e+11 +5.979947e+10 -2.303191e+12 -3.830350e+14 +4.751386e+18 -1.855052e+17   +2.367160e-07 -1.189774e-05 -6.622708e-04 +1.957231e-02 +1.091563e+00 -1.985064e+02 +6.135825e+02 -1.859059e+04 +6.792783e+05 +3.168119e+09 -2.628920e+10 -1.405827e+12 +8.084197e+13 -5.770186e+16 +1.659750e+17   
Q20-078   +8.999835e+01   +6.418023e-07 -5.907325e-02 -8.734269e-04 -7.285396e-02 +4.649870e-01 +2.261144e+03 +1.348920e+03 -1.665031e+05 +3.225706e+07 -2.287583e+11 -5.304897e+10 +6.645148e+12 -6.454241e+14 +4.586867e+18 +1.268765e+18   +4.890706e-07 -1.052127e-05 -8.218670e-04 +2.311507e-02 +2.137635e-01 -2.651560e+02 +4.162715e+03 +5.719698e+04 -3.101377e+06 +6.472865e+09 -4.836368e+10 -1.163938e+13 +7.408912e+14 -1.814541e+17 -1.429537e+18   
Q20-080   +8.999810e+01   +6.284066e-07 -5.905424e-02 -6.422956e-04 -8.160091e-02 -4.259741e-01 +2.311520e+03 +1.119763e+03 +2.093413e+05 +1.095520e+07 -2.328235e+11 +2.357424e+10 -5.877111e+12 -7.083511e+14 +4.726936e+18 -7.603675e+17   +3.827394e-08 +9.408705e-06 -8.390604e-04 +7.067899e-03 +1.148430e+00 -1.722903e+02 -4.554057e+02 +1.495185e+05 -4.413807e+06 +4.780602e+09 +2.030865e+10 -9.349124e+12 +2.232478e+14 -7.804246e+16 -7.185934e+17   
Q20-081   +8.999810e+01   +4.584150e-07 -5.908068e-02 -8.448546e-04 -5.566504e-02 -5.147836e-01 +2.233188e+03 +1.113525e+02 +1.506155e+05 +3.566562e+07 -2.317753e+11 -9.374578e+10 -3.888494e+12 -8.837550e+14 +4.746046e+18 +9.351355e+18   +4.205414e-07 +5.086680e-06 -1.965960e-03 +1.856628e-02 +1.720030e+00 -2.505041e+02 +2.236921e+03 +1.747609e+04 -1.802057e+07 +8.468125e+09 -9.926195e+10 -3.614787e+12 +5.734967e+14 -2.439039e+17 +4.952205e+18   
Q20-082   +8.999835e+01   +1.973258e-07 -5.909494e-02 -2.750636e-04 -6.332505e-02 +5.232946e-01 +2.196205e+03 -2.962220e+03 +3.245215e+05 -3.163794e+05 -2.330985e+11 +1.509814e+11 -1.227776e+13 +7.087884e+13 +4.755611e+18 -4.094974e+18   -2.045873e-08 +4.558975e-06 -1.147933e-03 +2.052459e-02 +1.313980e+00 -1.849271e+02 +4.577682e+03 +1.086448e+05 -2.373771e+07 +5.532038e+09 -1.451489e+11 -1.245651e+13 +3.660538e+14 -8.875924e+16 +6.556757e+18   
Q20-083   +8.999655e+01   +1.592999e-08 -5.906415e-02 -1.169488e-03 -7.178084e-02 -5.508987e-01 +2.214380e+03 -4.300355e+02 +1.123585e+05 +1.551693e+07 -2.307384e+11 +2.510442e+09 -6.105540e+12 -4.003843e+11 +4.728428e+18 +6.791698e+17   +3.661321e-07 -2.235743e-05 -1.273462e-03 +2.188176e-02 +9.885549e-01 -1.556394e+02 +2.461188e+03 -4.523342e+04 -7.044933e+06 +2.272862e+09 -9.971840e+10 -4.442844e+12 +2.767744e+14 +4.851224e+16 +3.444461e+18   
Q20-086   +8.999895e+01   +7.051222e-07 -5.910198e-02 +1.673042e-04 -5.133863e-02 +1.782672e-01 +2.237411e+03 -3.116782e+03 +3.886915e+04 +1.961272e+07 -2.323327e+11 +3.315908e+10 +6.626618e+11 -4.211201e+14 +4.781725e+18 +9.159489e+17   +3.183402e-07 -5.786708e-06 -9.546414e-04 +5.595197e-03 +7.258331e-01 -1.663787e+02 +1.848409e+03 +1.648745e+05 +7.297803e+06 +3.490589e+09 -3.062272e+10 -6.936113e+12 -2.424577e+14 -3.435458e+16 +3.730081e+17   
Q20-087   +8.999820e+01   +6.925734e-07 -5.909297e-02 -5.143958e-04 -7.220897e-02 -4.315759e-01 +2.213539e+03 -2.199456e+03 +5.437649e+04 +2.794478e+07 -2.302238e+11 +1.335566e+11 -1.723021e+12 -9.115053e+14 +4.662749e+18 -2.826208e+18   +2.213036e-07 -2.098175e-05 -1.375515e-03 +1.355155e-02 +1.943279e+00 -1.567484e+02 -8.684783e+02 +2.179607e+05 -1.069681e+07 +1.385358e+09 +3.896458e+10 -1.207457e+13 +1.366090e+14 +2.885780e+16 +1.071426e+18   
Q20-088   +8.999835e+01   +9.455297e-07 -5.904526e-02 -2.701126e-04 -2.900679e-02 -4.066680e-01 +2.256457e+03 -1.590221e+03 +6.071222e+04 +2.382321e+07 -2.291226e+11 +1.536492e+10 -1.733223e+12 -5.958651e+14 +4.581095e+18 +2.615448e+17   +4.736605e-07 -2.161346e-05 -1.644769e-03 +3.388382e-02 +1.691602e+00 -2.304224e+02 +3.365199e+03 -1.518876e+05 -3.020126e+06 +4.764332e+09 -1.063748e+11 -1.344840e+12 -2.472658e+14 -2.500384e+16 +4.389705e+18   
Q20-090   +8.999765e+01   +5.158720e-07 -5.908018e-02 -6.454332e-04 -7.071887e-03 +1.896994e-02 +2.216661e+03 -2.081485e+03 -1.073900e+05 +1.198710e+07 -2.306421e+11 +1.578189e+11 +6.290452e+12 -8.103716e+14 +4.684117e+18 -5.938577e+18   +2.291146e-08 -1.182235e-05 -1.135529e-04 +1.277479e-02 +5.062432e-01 -1.369954e+02 -4.026333e+03 +2.692731e+04 +8.159392e+06 +2.584220e+09 +6.638262e+10 -1.679931e+13 -5.276099e+14 -1.757041e+16 -8.335870e+16   
Q20-091   +8.999650e+01   -3.641298e-07 -5.911399e-02 -1.142926e-03 -4.255368e-02 -2.838886e-02 +2.173302e+03 +2.203253e+03 +1.141423e+05 -4.113362e+06 -2.264935e+11 -3.620754e+10 +2.954822e+12 +3.493799e+14 +4.520815e+18 +2.061250e+17   +6.359241e-08 -4.855347e-06 -6.053945e-04 +7.143347e-03 +3.871509e-01 -2.108909e+02 +2.424305e+03 -4.094756e+04 -1.322346e+07 +4.289420e+09 +3.999830e+10 -2.240532e+12 +9.352628e+14 +5.557012e+16 -3.170988e+18   
Q20-092   +8.999850e+01   +2.885220e-09 -5.907347e-02 -1.671379e-03 -6.480521e-02 -4.788615e-01 +2.261604e+03 +3.647069e+03 +4.464911e+04 +7.881272e+06 -2.312501e+11 -9.614552e+10 -4.522349e+12 -7.524840e+14 +4.664587e+18 +3.084547e+18   +2.536520e-07 -2.008487e-05 -1.084374e-03 +1.361778e-02 +1.361657e+00 -1.369114e+02 +4.974431e+03 +1.598249e+05 +1.662454e+07 +1.361115e+09 -6.378211e+10 -8.851236e+12 +1.787385e+13 +1.319583e+16 -2.049591e+18   
Q20-094   +8.999750e+01   +3.207169e-07 -5.905933e-02 -2.316013e-03 -5.014956e-02 -1.902656e-01 +2.258287e+03 +1.904502e+03 -3.358069e+04 +1.359394e+07 -2.293425e+11 +1.744115e+10 +7.044389e+12 +1.800330e+14 +4.612818e+18 +4.811097e+17   +6.506249e-07 -9.390435e-06 -2.033764e-03 +2.272744e-02 +1.899442e+00 -1.968167e+02 +4.457956e+03 +1.473719e+05 +1.952685e+07 +5.491813e+09 -4.854398e+10 -7.783288e+12 -7.796812e+14 -8.356453e+16 -1.567307e+18   
Q20-098   +8.999960e+01   +6.571639e-07 -5.907650e-02 -3.608287e-05 -5.738607e-02 -1.701312e-01 +2.229745e+03 -3.075949e+03 +7.127522e+04 +3.448489e+07 -2.303346e+11 +1.053764e+11 +2.569494e+12 -9.352012e+14 +4.694210e+18 -3.599675e+18   +1.637796e-08 -1.013188e-05 -7.069876e-05 +1.198541e-02 +2.957333e-02 -1.218528e+02 -8.264245e+02 +6.285457e+04 +2.935396e+06 +2.472805e+09 +7.961043e+10 -1.922002e+12 +4.974472e+14 -1.074228e+16 -3.008573e+18   
Q20-102   +8.999805e+01   +5.446752e-07 -5.909360e-02 -2.041344e-04 -3.611923e-02 -7.811081e-02 +2.113368e+03 -2.178971e+03 -1.147052e+05 +1.262091e+07 -2.285881e+11 +9.944073e+10 +6.559520e+12 -7.853621e+14 +4.661944e+18 -4.281083e+17   +3.383979e-07 +2.116969e-05 -1.198927e-03 +1.478811e-02 +7.168009e-01 -3.356876e+02 +2.047402e+03 +1.124590e+05 +8.211108e+06 +1.045564e+10 -8.782288e+10 -6.264961e+12 -2.361341e+13 -2.686207e+17 +4.798753e+18   
Q20-106   +9.000090e+01   +3.328408e-07 -5.915234e-02 -1.138794e-04 -3.287962e-02 -1.563208e-01 +2.266386e+03 -4.424514e+03 +1.389578e+05 +1.288433e+07 -2.303168e+11 +4.093966e+10 +6.221591e+12 -2.344231e+14 +4.700287e+18 +8.444790e+17   +2.123253e-07 -1.103520e-05 -6.757746e-04 +1.278818e-02 +3.860357e-01 -1.990365e+02 +2.868884e+03 +8.435880e+04 +7.656043e+06 +4.399983e+09 -5.437015e+10 -9.166335e+12 -1.007996e+14 +1.028352e+15 +1.484656e+18   
Q20-115   +8.999760e+01   +3.819782e-07 -5.906882e-02 -1.116741e-03 -3.905424e-02 +7.863315e-01 +2.229703e+03 -8.510107e+01 -2.396387e+05 -2.404481e+07 -2.292531e+11 +9.779929e+10 +9.549016e+12 +5.629203e+14 +4.627970e+18 -5.122605e+18   +5.900693e-07 -1.694392e-05 -1.360620e-03 +6.495489e-03 +1.921560e+00 -1.640249e+02 -1.184912e+03 +1.711295e+05 +9.097293e+06 +5.203392e+09 +1.196209e+11 -7.651361e+12 -5.302316e+14 -1.483697e+17 -6.298105e+18   
Q20-118   +8.999790e+01   +5.126306e-07 -5.909030e-02 -9.663255e-04 -3.211780e-02 -4.570487e-01 +2.316872e+03 -1.047619e+03 +3.679469e+04 +1.479616e+07 -2.295361e+11 +6.680776e+10 +2.436861e+12 -8.362723e+13 +4.617537e+18 -5.091678e+17   +3.976484e-07 -2.125567e-05 -1.390189e-03 +2.225345e-02 +1.760031e+00 -1.243665e+02 +1.746889e+03 -1.527446e+04 -5.376571e+06 +1.887782e+09 -5.608808e+10 -4.361642e+12 +2.096993e+14 +2.523050e+16 +2.292033e+18   
Q20-120   +8.999655e+01   +1.211489e-07 -5.907731e-02 -1.190150e-03 -9.009736e-03 -9.968903e-01 +2.239069e+03 +2.507766e+03 -1.339865e+05 +2.894234e+07 -2.272153e+11 -1.625963e+11 +1.044916e+13 -1.304133e+15 +4.595521e+18 +6.064287e+18   +1.841639e-07 -1.724602e-05 -1.124210e-03 +4.601260e-03 +1.423522e+00 -2.133455e+02 +2.021065e+03 +6.809875e+04 +1.264146e+05 +3.629606e+09 -8.219577e+10 -3.410167e+12 -4.459820e+13 +3.698710e+16 +1.517079e+18   
Q20-121   +8.999805e+01   -1.897909e-07 -5.911091e-02 -1.471640e-03 -5.422014e-02 -1.229067e+00 +2.245938e+03 +4.226788e+03 +1.931973e+05 +2.053431e+06 -2.304278e+11 -1.087706e+11 -4.913033e+12 +3.802327e+14 +4.650962e+18 +4.633350e+18   +4.217678e-07 -1.961714e-05 -2.001408e-04 +6.728188e-03 +1.447712e+00 -2.660270e+02 +9.976016e+02 +1.399546e+05 -9.925735e+06 +7.632719e+09 +4.042245e+10 -1.139209e+13 +5.823483e+14 -1.690552e+17 -4.250409e+18   
Q20-123   +8.999860e+01   +5.595288e-07 -5.906274e-02 -1.079137e-03 -2.372067e-02 -5.373280e-01 +2.308540e+03 -6.728422e+02 -2.712600e+04 +2.050307e+07 -2.298650e+11 +5.694626e+10 +1.659910e+12 -6.399170e+14 +4.667468e+18 -4.583062e+17   +2.329191e-07 -1.482801e-05 -1.101282e-03 +1.149191e-02 +1.513876e+00 -1.413985e+02 +2.433171e+03 +2.550200e+05 -1.767587e+07 +3.474590e+09 -5.742670e+10 -1.462736e+13 +7.411973e+14 -6.676303e+16 -1.260298e+18   
Q20-129   +8.999845e+01   +5.529842e-07 -5.912633e-02 -3.700065e-04 -7.121085e-02 -1.121620e-01 +2.324097e+03 -2.061991e+03 +1.549078e+05 +1.155888e+07 -2.317077e+11 +2.469923e+10 -4.639584e+12 -2.143955e+14 +4.734937e+18 +6.904634e+16   +9.303221e-08 +1.312618e-05 -1.396033e-03 +1.489362e-02 +9.661464e-01 -1.693474e+02 +2.532158e+03 +1.459067e+05 -5.217994e+06 +4.882702e+09 -6.913625e+10 -7.505555e+12 -1.963243e+14 -6.875354e+16 +3.657594e+17   
Q20-131   +8.999815e+01   +4.708333e-07 -5.910269e-02 -7.215221e-04 -2.314180e-02 -4.636493e-01 +2.258201e+03 +6.584013e+02 -9.162162e+04 +1.245698e+07 -2.281375e+11 -1.734338e+10 +4.911897e+12 -1.837147e+14 +4.619966e+18 +2.123974e+18   +2.045558e-07 +2.365682e-05 -8.569149e-04 +1.501694e-02 +1.133161e+00 -2.813961e+02 +2.052281e+02 +2.549066e+04 -1.776940e+04 +8.705289e+09 +3.556835e+10 -5.357288e+12 -2.644355e+14 -1.565911e+17 -1.559901e+18   
Q20-132   +8.999735e+01   +1.893582e-07 -5.913315e-02 +1.369621e-04 -5.544948e-02 +5.908327e-02 +2.273878e+03 -3.959882e+03 +1.169612e+05 +1.639007e+07 -2.316505e+11 +5.371010e+10 -6.639400e+11 -7.128541e+14 +4.735879e+18 +2.174883e+18   -3.461335e-08 -2.836867e-06 -2.297945e-04 -1.661459e-03 +1.243244e+00 -1.862213e+02 -3.657619e+03 +2.570741e+04 -7.918917e+06 +4.663577e+09 +2.990976e+10 -3.901713e+12 +1.180057e+14 -9.332878e+16 +1.491082e+18   
Q20-133   +8.999815e+01   +7.643473e-07 -5.911693e-02 -3.232405e-04 -1.390135e-02 -1.851300e-01 +2.328399e+03 -4.253332e+03 -1.286611e+05 +2.776752e+07 -2.303215e+11 +5.408176e+10 -5.921954e+11 -7.178522e+14 +4.667667e+18 -3.485384e+18   -1.919868e-07 +5.858147e-06 +8.012157e-04 +3.209545e-02 +9.708176e-02 -1.905897e+02 -2.459726e+03 +2.589902e+04 -2.203720e+05 +4.505998e+09 +6.448409e+10 -5.294380e+12 -7.494949e+13 -2.575896e+16 +1.425828e+18   
Q20-137   +8.999915e+01   +8.246976e-07 -5.909145e-02 -5.416646e-04 -3.937108e-02 +6.509499e-02 +2.347179e+03 +1.079074e+03 +4.950249e+04 +2.398025e+07 -2.298174e+11 -1.419518e+11 +2.338115e+12 -9.204288e+14 +4.602745e+18 +7.517439e+18   -8.542351e-09 +5.879019e-06 -8.582290e-04 +2.524117e-02 +1.472549e+00 -2.159154e+02 +2.455359e+03 -5.822125e+03 -1.365606e+07 +5.673269e+09 -1.228267e+11 -3.145295e+12 +6.781936e+14 -9.121056e+16 +5.444689e+18   
Q20-141   +8.999825e+01   -4.177481e-08 -5.914414e-02 -1.788640e-03 -1.391088e-02 -2.988090e+00 +2.284113e+03 +1.299712e+03 +1.543153e+05 +1.346656e+07 -2.297178e+11 -4.635229e+10 -4.745217e+12 -4.338629e+14 +4.659807e+18 +9.290654e+17   +2.204088e-07 +2.205290e-05 -6.628159e-04 +2.087865e-02 +4.639306e-01 -2.716788e+02 +1.272640e+03 +5.500467e+04 -5.620057e+04 +9.007604e+09 -1.404364e+10 -6.615670e+12 -4.614063e+14 -2.580519e+17 +1.137557e+17   
Q20-145   +8.999675e+01   +4.758133e-07 -5.911143e-02 -9.872460e-04 -8.843579e-02 -9.796786e-02 +2.219489e+03 -9.112952e+02 +1.201019e+05 +1.742340e+07 -2.291406e+11 +6.582111e+10 -1.020863e+12 -6.562327e+14 +4.621082e+18 -1.691241e+18   +3.243337e-07 -1.583423e-05 -1.665443e-03 +1.290953e-02 +1.467174e+00 -2.331868e+02 +2.201745e+03 -3.378231e+03 +6.440306e+06 +6.478912e+09 +5.401306e+10 -3.834477e+12 -3.732801e+14 -8.822060e+16 -1.784373e+18   
Q20-146   +8.999960e+01   +4.600633e-07 -5.908925e-02 -1.529656e-03 -6.008736e-02 -1.733728e+00 +2.243143e+03 -7.402430e+02 +7.916617e+04 +2.500260e+07 -2.304410e+11 +1.994573e+10 -2.639124e+12 -6.862724e+14 +4.619378e+18 -4.341000e+17   -1.045172e-08 -1.947986e-05 -9.706458e-04 +5.106459e-02 +1.240024e+00 -1.650182e+02 +9.815069e+01 -4.160565e+02 -6.035556e+06 +1.034862e+09 -6.122496e+08 -1.174123e+13 -2.131088e+14 +3.645337e+16 -1.180749e+18   
Q20-147   +8.999880e+01   +6.326352e-07 -5.911208e-02 -1.402601e-03 -1.104818e-01 +4.538927e-02 +2.317076e+03 -2.119177e+03 +1.251079e+05 +6.966021e+06 -2.305825e+11 +1.228071e+11 -2.420266e+11 -1.112025e+14 +4.692668e+18 -2.751940e+18   +1.265752e-07 -1.309635e-05 -1.143516e-03 +2.761832e-02 +1.681771e+00 -1.876707e+02 +3.698123e+02 -7.019846e+04 -2.940537e+06 +3.347566e+09 +5.516919e+09 -1.623593e+12 +3.334769e+13 +2.161995e+16 -6.567351e+17   
Q20-152   +8.999910e+01   +5.372749e-07 -5.907786e-02 -1.086289e-03 -1.135872e-01 -1.027356e+00 +2.290787e+03 -8.369089e+02 +1.960316e+05 +1.755193e+07 -2.304324e+11 +4.178512e+09 -1.180414e+11 -4.347889e+14 +4.608321e+18 -6.751083e+17   -2.689477e-07 -4.702010e-06 -6.257541e-04 +2.356138e-02 +9.484947e-01 -1.723119e+02 +1.407586e+03 +6.642021e+04 -4.728071e+06 +1.819592e+09 -5.505053e+10 -5.730662e+12 -1.265760e+14 +9.899050e+15 +3.764299e+18   
Q20-155   +8.999935e+01   +6.667153e-07 -5.907078e-02 -1.630843e-03 -2.647465e-03 -1.513773e+00 +2.244168e+03 +1.369030e+03 -1.332075e+05 +2.696312e+07 -2.328070e+11 -2.685003e+10 +7.272940e+12 -3.541246e+14 +4.672789e+18 +1.416705e+18   +3.886309e-07 +7.428367e-06 -8.057204e-04 +1.009522e-02 +5.902768e-01 -2.253315e+02 +8.114410e+02 +1.046807e+04 +6.829792e+06 +2.654259e+09 -3.414307e+10 -7.712226e+11 -4.033239e+14 +2.679182e+16 -4.845547e+17   
Q20-168   +8.999810e+01   +4.727168e-07 -5.905754e-02 -1.283207e-03 -6.426710e-02 -5.998883e-01 +2.144823e+03 -1.391568e+03 +2.320841e+04 +1.393348e+07 -2.262568e+11 +6.676797e+10 -6.366414e+11 -4.919486e+14 +4.533369e+18 -1.371208e+18   +2.057838e-07 -1.929295e-05 -5.392068e-05 -3.077958e-03 -7.482162e-01 -2.003800e+02 +1.190326e+03 +1.043825e+05 +1.760097e+07 +3.339075e+09 -3.122535e+10 -1.436091e+12 -4.756419e+14 +3.913472e+16 +1.686917e+18   
Q20-169   +8.999830e+01   +6.153913e-07 -5.906702e-02 -1.350158e-03 -2.778316e-02 -1.130170e+00 +2.156181e+03 -2.697979e+02 -6.509536e+04 +1.625398e+07 -2.274056e+11 -3.446336e+10 +2.772309e+12 -1.955582e+14 +4.571801e+18 +1.452830e+18   -1.639599e-07 -9.844465e-06 -4.604050e-04 +2.973239e-02 +1.226218e+00 -1.875518e+02 +4.611875e+02 +1.221010e+05 -6.888279e+06 +3.092848e+09 -1.385904e+10 -1.481028e+13 +5.942376e+13 +4.118480e+16 +1.562890e+18   
Q20-172   +8.999595e+01   +7.155145e-08 -5.910079e-02 -1.526244e-03 -7.273052e-03 -1.674366e+00 +2.215729e+03 -3.519800e+02 -4.054158e+04 +9.216521e+06 -2.295212e+11 -4.129519e+09 +1.625113e+12 -1.541072e+14 +4.616442e+18 +1.041439e+18   -6.499175e-07 -2.136989e-05 +7.552524e-04 +2.760722e-02 -5.920170e-01 -1.269607e+02 -1.385473e+03 +1.454429e+04 -1.038602e+07 +1.483101e+09 +2.635948e+10 -1.118423e+13 +2.866366e+14 +5.480474e+16 -9.051763e+17   
Q20-173   +8.999995e+01   +7.915218e-07 -5.903941e-02 -3.081811e-04 -5.246041e-02 -3.705134e-01 +2.182755e+03 -9.662700e-01 +6.916673e+04 +1.896037e+07 -2.288482e+11 -1.415725e+11 -6.366639e+12 -2.232271e+14 +4.453416e+18 +6.305330e+18   -2.728575e-07 -1.428361e-05 -7.243003e-05 -1.162591e-03 +1.941294e-01 -2.115600e+02 -8.356321e+02 +2.126812e+05 -9.587271e+06 +3.570932e+09 +6.832970e+10 -1.081160e+13 +2.707388e+14 -2.028798e+16 -5.153943e+18   
Q20-174   +8.999630e+01   -2.225434e-07 -5.911876e-02 -7.310629e-04 -3.031066e-02 +6.803206e-02 +2.191041e+03 -1.303104e+03 +2.225869e+04 +6.048545e+05 -2.284423e+11 +2.639640e+10 -2.282451e+11 -2.396816e+13 +4.554014e+18 +2.586815e+17   +1.634887e-07 -1.187688e-05 -8.115793e-05 +2.341321e-02 -2.800958e-01 -1.395511e+02 -7.312471e+02 +7.216676e+04 +6.003658e+06 +2.422367e+09 +7.988864e+08 -7.943564e+12 -4.445503e+14 +1.795608e+16 -2.198520e+17   
Q20-175   +8.999885e+01   -9.866478e-08 -5.909559e-02 -2.242722e-03 -1.767298e-02 -1.651201e+00 +2.199560e+03 +2.038688e+03 -1.259307e+05 +6.891220e+06 -2.300129e+11 -1.893832e+10 +3.576378e+12 -1.063056e+14 +4.625715e+18 +1.398246e+18   -4.481067e-07 +4.019032e-06 +1.099004e-03 +1.180904e-02 -1.526041e+00 -1.015612e+02 -3.266164e+03 +1.708355e+03 +8.133625e+06 +1.111150e+09 +7.990908e+10 -4.765365e+12 -1.264459e+14 +2.230306e+16 -1.206938e+18   
Q20-177   +9.000000e+01   +1.091420e-07 -5.910288e-02 -8.901871e-04 -9.862753e-02 -1.101024e+00 +2.229830e+03 -2.128706e+03 +3.403456e+05 +2.005828e+07 -2.318619e+11 -3.269513e+10 -7.075819e+12 -3.240991e+14 +4.626273e+18 +3.421883e+18   +3.121513e-07 +3.115862e-06 -1.193649e-03 +2.489400e-02 +6.402068e-01 -1.738192e+02 +4.153968e+03 -1.017328e+05 +1.671736e+06 +4.228084e+08 -1.280624e+11 +1.195660e+13 +9.400784e+13 +3.512801e+16 +2.519893e+18   
Q20-179   +8.999970e+01   +5.926546e-07 -5.909600e-02 -1.123512e-03 +1.300120e-02 -9.627698e-01 +2.140817e+03 +6.060065e+02 -1.449641e+05 +3.568183e+07 -2.312895e+11 +2.082096e+10 +4.048022e+12 -1.205390e+15 +4.641042e+18 -1.993476e+18   +1.092640e-07 -1.115140e-05 -1.058581e-03 +1.054060e-02 +6.429315e-01 -1.909861e+02 +1.390168e+03 +1.441353e+05 -8.205583e+06 +3.363450e+09 +5.340001e+10 -8.943580e+12 +2.990994e+14 -5.204528e+16 -8.206762e+17   
