# multipoles are divided by excitation current and units are [T], [m] and [A]
# harmonics (dipole n=0): 00 01 02 03 04 05 06 07 08 09 10 11 12 13 14 
# MAG_LABEL   CURRENT[A]   <NORMAL_MULTIPOLES/CURRENT>[T/m^(n-1)/A]   <SKEW_MULTIPOLES/CURRENT>[T/m^(n-1)/A]
Q20-029   +8.999950e+01   +4.106492e-07 -5.914254e-02 -2.187662e-03 -1.175199e-02 -1.335644e+00 +2.305322e+03 +7.223331e+02 -4.000701e+04 +2.605728e+07 -2.317320e+11 +2.374688e+10 -8.789442e+11 -6.478662e+14 +4.677049e+18 -7.215830e+17   +5.551116e-08 -7.699754e-06 +2.907449e-05 +2.102831e-02 +3.832996e-01 -2.351404e+02 -7.511835e+02 +2.900765e+04 +3.840150e+06 +6.577495e+09 +4.685020e+10 -9.667646e+12 +5.400792e+12 -1.654179e+17 -1.998917e+17   
Q20-030   +8.999850e+01   +7.750551e-07 -5.917429e-02 -7.207950e-04 -2.855569e-02 -7.394784e-02 +2.272890e+03 -1.670648e+03 -6.311639e+03 +8.164332e+06 -2.329015e+11 +7.950910e+10 -4.380642e+12 -4.623184e+14 +4.781505e+18 -2.185483e+17   -5.669828e-09 -1.515217e-05 +4.944242e-04 +2.117542e-02 -4.596708e-01 -2.121355e+02 -6.275508e+02 +5.957634e+02 +9.086669e+06 +7.609139e+09 -4.173448e+10 -8.597656e+12 -5.723679e+14 -1.941241e+17 +1.934101e+18   
Q20-032   +8.999980e+01   +1.812595e-07 -5.920201e-02 -1.027597e-03 -4.405579e-02 -5.362416e-01 +2.275872e+03 +1.033778e+02 -3.224629e+04 +1.294082e+06 -2.339489e+11 -4.610635e+10 +2.747586e+12 +6.987961e+13 +4.787308e+18 +2.501848e+18   -2.922450e-07 -1.547083e-05 +5.282442e-04 +1.102937e-02 -6.551679e-02 -2.210480e+02 -2.316823e+03 +1.034015e+05 +2.628294e+06 +6.889618e+09 +7.958097e+09 -8.098264e+12 -3.658783e+13 -1.902039e+17 +9.740132e+16   
Q20-037   +8.999860e+01   -2.654637e-07 -5.915343e-02 -1.825676e-03 -9.320648e-02 -6.394843e-01 +2.265883e+03 -4.313938e+02 +1.895976e+05 -4.957142e+06 -2.329221e+11 -8.021673e+09 -5.120092e+12 -8.872254e+13 +4.713382e+18 +1.370027e+18   -2.790136e-07 -1.088660e-05 +2.531362e-04 +1.132045e-02 +2.346820e-01 -2.658351e+02 -2.033504e+03 +9.701701e+04 -4.591581e+06 +4.733383e+09 +3.691494e+10 -6.088366e+12 +4.244548e+14 -5.847451e+16 +2.072888e+18   
Q20-040   +8.999830e+01   +8.373224e-07 -5.920308e-02 -2.535121e-04 -7.800566e-02 +8.596366e-01 +2.320237e+03 -3.008681e+03 +4.246731e+04 +2.271736e+07 -2.355200e+11 +9.594800e+10 -1.060668e+12 -3.157563e+14 +4.779423e+18 -3.059421e+18   +3.104641e-08 -8.042315e-06 -2.952239e-04 +1.256674e-02 +1.387201e+00 -2.518662e+02 +3.093307e+03 -5.128317e+04 -4.992897e+05 +5.900559e+09 -1.809923e+11 +7.196144e+11 -3.814686e+14 -1.770720e+17 +5.449955e+18   
Q20-043   +8.999840e+01   +1.711159e-07 -5.904766e-02 -2.278392e-03 -9.067902e-02 -1.429713e+00 +2.347866e+03 +1.338669e+03 +6.338594e+04 +3.196246e+07 -2.341345e+11 +4.379362e+09 +2.200779e+11 -1.129300e+15 +4.763286e+18 +1.999910e+18   +8.159485e-07 -2.033842e-05 -2.675096e-03 +1.408028e-02 +2.920531e+00 -2.431438e+02 +4.942206e+03 +1.644197e+05 -9.806700e+06 +5.150236e+09 -1.379061e+10 -1.568378e+13 +4.387897e+14 -1.465168e+17 -3.593549e+16   
Q20-046   +8.999915e+01   +7.383756e-07 -5.908187e-02 -4.152140e-04 -1.021838e-01 -2.346857e-01 +2.328080e+03 -1.457640e+03 +2.533211e+05 +2.739825e+07 -2.319211e+11 +4.499509e+10 -6.454771e+12 -1.074785e+15 +4.700957e+18 -1.650158e+18   +4.064424e-07 -1.388385e-05 +6.695208e-04 +2.657755e-02 -4.703732e-01 -2.432894e+02 -3.479076e+03 +2.658298e+04 +1.865171e+07 +7.079611e+09 +1.012391e+11 -6.263067e+12 -1.049765e+15 -1.886500e+17 -3.720010e+18   
Q20-047   +8.999830e+01   +1.293172e-06 -5.903552e-02 +5.065409e-04 -6.833595e-02 +6.467862e-01 +2.300629e+03 -2.303876e+03 +1.418718e+05 +2.677822e+07 -2.315243e+11 +1.968226e+10 -2.477133e+12 -8.354421e+14 +4.675296e+18 +2.628559e+18   +2.067225e-07 -8.089986e-06 -2.541568e-04 +1.278080e-02 -7.467504e-01 -1.854227e+02 +3.400605e+03 +1.956904e+05 +1.045638e+07 +4.698105e+09 -1.335822e+11 -8.870040e+12 -4.705961e+14 -1.373244e+17 +4.730369e+18   
Q20-050   +9.000000e+01   +9.703574e-07 -5.909134e-02 -8.439472e-04 -8.698266e-02 -1.918536e+00 +2.369828e+03 -8.372743e+01 +2.162581e+05 +5.555821e+07 -2.327779e+11 -5.587227e+10 -4.401897e+12 -1.883609e+15 +4.744830e+18 +3.721922e+18   +4.270303e-07 -9.025608e-06 -9.786449e-04 +2.645100e-02 +1.671979e+00 -2.278870e+02 +2.084208e+03 -1.568259e+04 -2.078969e+06 +7.820799e+09 -1.886319e+11 -4.487237e+12 -5.762040e+13 -2.018773e+17 +7.979534e+18   
Q20-056   +8.999875e+01   +7.169030e-07 -5.908461e-02 -8.305398e-04 -8.096877e-02 -6.527964e-01 +2.247566e+03 -1.384767e+03 +1.679007e+05 +3.151788e+07 -2.299434e+11 +2.672289e+10 -2.947800e+12 -1.069604e+15 +4.593445e+18 -1.244285e+18   +4.461568e-07 -1.458287e-05 -1.160686e-03 +1.191491e-02 +1.814262e+00 -1.285811e+02 +9.460060e+02 +5.199847e+04 +1.434443e+06 +1.708834e+09 -3.320146e+10 -3.729758e+12 -1.129366e+14 +6.529375e+16 +9.723988e+17   
Q20-058   +8.999875e+01   +1.041279e-06 -5.904526e-02 -3.233190e-04 -8.424641e-02 -1.730370e-01 +2.269385e+03 -2.911083e+02 -3.500518e+02 +3.322275e+07 -2.303096e+11 -1.490825e+10 +1.322252e+12 -1.155457e+15 +4.667817e+18 +3.521303e+18   +3.914473e-07 -7.252366e-06 +4.454380e-06 +1.642094e-02 +6.096055e-01 -1.996626e+02 -3.376967e+03 +1.411373e+05 -2.031323e+05 +5.101032e+09 +1.107984e+11 -1.178913e+13 +7.814349e+13 -4.511869e+16 -1.337266e+18   
Q20-059   +8.999835e+01   +5.443894e-07 -5.908365e-02 -1.119228e-03 -1.364985e-01 -5.718673e-01 +2.282253e+03 +1.523559e+03 +3.015812e+05 +2.729864e+07 -2.289561e+11 -4.186349e+10 -6.385498e+12 -8.154656e+14 +4.598327e+18 +2.853992e+18   +1.706142e-07 -1.986730e-05 +3.624511e-04 +1.394743e-02 -3.893811e-01 -2.537901e+02 -1.758847e+03 +6.261969e+04 -2.816814e+06 +4.404441e+09 +4.787676e+10 -8.718338e+12 +7.378609e+13 +2.428433e+16 -9.881612e+17   
Q20-060   +8.999915e+01   +2.843116e-08 -5.907414e-02 -2.151795e-03 -7.797750e-02 -5.456780e-01 +2.370332e+03 +2.293693e+03 +8.207210e+03 +2.992237e+07 -2.325039e+11 -3.520942e+09 +2.194570e+12 -1.010247e+15 +4.727614e+18 -1.577756e+18   +3.147540e-07 -1.376124e-05 -8.004803e-04 +4.377154e-03 +2.245925e-01 -1.553612e+02 +2.000853e+03 +3.871325e+04 +9.638225e+06 +3.630130e+09 -1.989234e+10 -4.966529e+12 -3.953656e+14 -1.348504e+16 +2.451693e+18   
Q20-062   +8.999845e+01   +6.667972e-07 -5.907814e-02 -1.189676e-03 -1.021655e-01 -3.230230e-01 +2.248434e+03 +3.358866e+03 +1.975818e+05 +2.920645e+07 -2.278568e+11 -1.250489e+11 -1.378319e+12 -1.003599e+15 +4.577439e+18 +4.000618e+18   +3.020513e-07 -1.531559e-05 -5.900506e-04 +2.523555e-02 +1.264521e+00 -2.212023e+02 +2.273472e+02 +7.014493e+04 +2.760402e+06 +3.671739e+09 +1.858275e+10 -1.113444e+13 -2.087478e+14 +4.441392e+16 -1.707568e+18   
Q20-064   +8.999900e+01   +9.378138e-07 -5.913006e-02 -7.140583e-04 -5.383522e-02 -5.362284e-01 +2.305007e+03 -1.876918e+03 -6.542474e+03 +2.698974e+07 -2.299713e+11 +4.323194e+10 +9.785423e+11 -9.576446e+14 +4.575400e+18 -2.562938e+18   +4.285092e-07 -1.348669e-05 -5.177616e-04 +2.013172e-02 -1.157561e-02 -2.468189e+02 +1.674106e+03 +2.504190e+05 +1.087914e+07 +7.313901e+09 -9.892244e+10 -2.003963e+13 -3.936732e+14 -1.464284e+17 +5.213578e+18   
Q20-067   +8.999885e+01   +8.906258e-07 -5.916192e-02 +1.017062e-03 -9.505433e-02 +1.147588e+00 +2.328034e+03 -6.881947e+03 +1.968865e+05 +1.207661e+07 -2.323425e+11 +1.280857e+11 -5.304193e+11 -4.375044e+14 +4.701820e+18 -9.468610e+17   +3.141381e-07 -3.151088e-05 -1.279590e-03 +1.337554e-02 +9.744939e-01 -1.905295e+02 +3.144276e+03 +5.849470e+04 -2.713464e+06 +5.022139e+09 -1.352596e+11 -6.902790e+12 -2.022601e+14 -9.956915e+16 +2.752975e+18   
Q20-070   +8.999775e+01   +7.232664e-07 -5.909920e-02 -1.510117e-03 -1.586987e-02 -1.931954e+00 +2.318630e+03 +8.253100e+02 -7.271978e+04 +3.110146e+07 -2.296764e+11 -1.869592e+10 +3.033665e+12 -1.039041e+15 +4.611396e+18 +3.715508e+17   +8.345318e-07 +4.998525e-06 -1.889692e-03 +1.928714e-02 +4.298955e-01 -2.226653e+02 +5.327618e+03 +1.149180e+05 +2.133670e+07 +4.978503e+09 -6.690415e+10 -8.253013e+12 -9.086386e+14 -3.110218e+16 +2.144501e+18   
Q20-072   +8.999830e+01   +2.196613e-07 -5.909871e-02 -1.528137e-03 -1.189058e-01 -1.396464e+00 +2.336155e+03 +2.290141e+03 +2.710046e+05 +4.253268e+06 -2.330143e+11 +1.045593e+10 -7.321067e+12 -2.541875e+14 +4.735519e+18 +1.344045e+18   +1.000770e-06 +2.192360e-05 -1.494504e-03 +5.863386e-04 +2.903323e-01 -2.054571e+02 +5.269334e+03 +2.002761e+05 +1.096290e+07 +5.711726e+09 -8.565503e+10 -9.673286e+12 -2.430787e+14 -1.063942e+17 +1.556714e+18   
Q20-075   +8.999830e+01   +4.461550e-07 -5.911538e-02 -1.347797e-03 -3.357252e-02 +6.735153e-02 +2.313047e+03 +2.070531e+03 -1.553004e+05 +1.203557e+07 -2.333735e+11 -4.390124e+10 +1.687265e+12 +3.220853e+14 +4.747336e+18 +4.509659e+18   +8.685257e-07 -8.749643e-06 -1.937565e-03 +2.620987e-02 +1.166471e+00 -1.643163e+02 +4.981573e+03 +5.200560e+04 +2.165893e+07 +2.760307e+09 -2.866107e+10 -1.149109e+13 -9.721224e+14 -7.900954e+16 -4.191434e+17   
Q20-079   +8.999810e+01   +7.706756e-07 -5.910413e-02 -4.986232e-04 -6.283658e-02 +4.071692e-01 +2.325340e+03 -2.125217e+02 +8.286486e+04 +2.934160e+07 -2.307765e+11 +1.026208e+10 +1.888149e+11 -1.032278e+15 +4.603691e+18 +1.468150e+18   +9.569400e-07 -4.058171e-06 -2.466153e-03 +1.958700e-02 +1.306549e+00 -2.634525e+02 +6.035889e+03 +6.389297e+04 +1.578837e+07 +6.029128e+09 -7.163238e+10 -4.446468e+12 -4.602952e+14 -1.183566e+17 -1.061946e+18   
Q20-095   +8.999820e+01   +1.115697e-07 -5.910178e-02 -1.837317e-03 -6.901186e-02 -1.692989e+00 +2.179488e+03 +4.331786e+03 +1.124256e+05 +7.748363e+06 -2.271339e+11 -5.176958e+10 +3.555481e+11 -3.555418e+14 +4.570640e+18 +2.268964e+17   +2.413722e-07 -1.763164e-05 -1.069231e-03 +9.557521e-03 +1.834534e+00 -2.645314e+02 -3.350008e+02 +1.100531e+05 -1.083477e+07 +4.927031e+09 +2.204527e+09 -9.465180e+12 +2.534645e+14 +5.804362e+16 -6.694824e+17   
Q20-107   +8.999715e+01   +3.641199e-07 -5.910105e-02 -1.414475e-03 -1.962199e-02 -8.678579e-01 +2.177776e+03 -5.421662e+02 -7.890623e+04 +3.361081e+07 -2.306074e+11 +8.836425e+09 +8.910736e+11 -9.518047e+14 +4.750859e+18 +9.829222e+17   +4.899400e-07 -2.043036e-05 -1.628243e-03 +1.453169e-02 +1.827765e+00 -2.357614e+02 +3.593813e+03 +2.500378e+05 -4.839367e+06 +5.045686e+09 -9.588378e+10 -8.501114e+12 +3.922288e+13 -6.198042e+15 +2.882508e+18   
Q20-108   +8.999750e+01   +8.544285e-07 -5.911886e-02 -1.281350e-03 +5.454043e-03 -1.171787e+00 +2.239217e+03 +3.105410e+03 -4.751074e+05 +5.757091e+07 -2.293770e+11 -1.334847e+11 +1.892993e+13 -2.198370e+15 +4.661607e+18 +9.021283e+18   +3.691489e-07 -2.215984e-05 -1.048740e-03 +7.722959e-03 +6.136370e-01 -1.828985e+02 +8.037743e+03 +1.097389e+05 -5.849469e+06 +5.636531e+09 -2.087048e+11 -1.023176e+13 +8.538284e+14 -1.010045e+17 +6.567482e+18   
Q20-109   +9.000035e+01   +5.010673e-07 -5.918777e-02 -8.645150e-04 -2.023244e-02 -8.663931e-01 +2.317780e+03 -5.075088e+03 -1.392576e+05 +2.949336e+06 -2.323951e+11 +1.724733e+11 +4.330753e+12 -8.450220e+13 +4.763054e+18 -5.510632e+18   +2.631046e-07 -2.485578e-05 -1.454563e-03 +9.062307e-03 +6.427874e-01 -1.856951e+02 +4.153778e+03 +2.547825e+05 +1.117680e+07 +4.536216e+09 -4.721141e+10 -1.331064e+13 -5.372534e+14 -3.522002e+16 -8.852921e+17   
Q20-111   +8.999970e+01   +1.054958e-07 -5.917154e-02 -9.962208e-04 -8.700873e-02 +4.822818e-01 +2.236967e+03 +1.804613e+01 +7.305594e+03 +1.112826e+07 -2.311184e+11 +6.252392e+10 -5.571281e+12 -4.347084e+14 +4.725330e+18 +6.924532e+17   +3.441411e-07 -2.065931e-05 -8.028375e-04 +1.942174e-02 +1.348039e+00 -1.225905e+02 -8.304074e+01 -8.621779e+04 -1.790606e+06 +1.097829e+09 -3.752405e+10 -2.275802e+12 -1.460248e+14 +6.217937e+16 +2.705013e+18   
Q20-112   +8.999805e+01   +5.229900e-07 -5.912186e-02 -4.030502e-04 -6.359057e-02 +1.031808e-01 +2.209657e+03 -4.201932e+02 +8.016525e+04 +7.269759e+06 -2.294550e+11 -2.947062e+10 -8.675040e+11 +9.352594e+13 +4.669112e+18 +3.130203e+18   +2.361269e-07 +1.148174e-05 -6.795872e-04 +2.642229e-02 +1.021738e+00 -2.458257e+02 +7.737132e+02 +3.180410e+04 -3.648299e+06 +8.257512e+09 -6.064244e+10 -1.169342e+13 -4.494833e+13 -1.738719e+17 +1.584300e+18   
Q20-113   +8.999765e+01   +5.345847e-07 -5.911872e-02 -6.000720e-04 -4.054388e-02 +6.952524e-01 +2.203992e+03 +1.303588e+03 -9.234021e+04 +1.488578e+05 -2.301409e+11 -1.015492e+11 +9.854060e+12 +8.482035e+14 +4.669914e+18 +8.275664e+18   +2.693249e-07 -1.160234e-05 -1.255702e-03 +1.973788e-02 +6.389506e-01 -1.646327e+02 +3.477850e+03 +1.293335e+04 +1.597940e+06 +3.836051e+09 -1.283060e+11 -1.147053e+13 -6.117471e+14 -7.110699e+16 +6.641066e+18   
Q20-116   +8.999850e+01   +3.129173e-07 -5.906264e-02 -1.469258e-03 -4.205805e-02 -7.084894e-01 +2.297861e+03 +8.381157e+02 -1.690366e+04 +1.074013e+07 -2.298624e+11 -1.946172e+10 +3.704542e+12 -5.080300e+14 +4.680234e+18 +2.351801e+18   -7.253043e-08 -9.520668e-06 -5.874670e-04 +1.866533e-02 +1.348304e+00 -1.532680e+02 -4.206508e+02 +2.148286e+04 -1.026910e+07 +3.451994e+09 -9.033021e+09 -6.082360e+12 -2.793298e+13 -2.746387e+16 +2.044399e+18   
Q20-119   +8.999850e+01   +4.347381e-07 -5.912559e-02 +9.581535e-05 -9.503161e-03 +1.072332e+00 +2.386440e+03 -6.172296e+03 -3.385862e+05 -2.743318e+07 -2.327448e+11 +1.216577e+11 +1.879847e+13 +1.181830e+15 +4.756589e+18 -2.887293e+18   +4.766013e-07 -1.322666e-06 -1.451706e-03 +6.579580e-03 +1.270458e+00 -1.064037e+02 +4.096372e+03 +3.272029e+05 -1.142319e+07 +1.102292e+09 -1.897528e+11 -1.555170e+13 +7.609079e+13 +9.477347e+16 +9.251751e+18   
Q20-125   +8.999795e+01   +5.974056e-07 -5.913089e-02 -2.494507e-04 -2.123256e-02 -2.180066e-01 +2.328620e+03 -3.633353e+03 +5.226496e+03 +2.228675e+07 -2.303227e+11 +1.009939e+11 -1.671597e+12 -6.411104e+14 +4.642705e+18 -2.125476e+18   +6.153395e-07 +1.483092e-05 -2.120048e-03 +2.372226e-02 +1.627969e+00 -1.498315e+02 +3.976314e+03 -4.798956e+04 +2.669312e+06 +2.890096e+09 -8.872727e+10 -3.725162e+12 -7.534171e+13 -4.903198e+15 +3.385777e+18   
Q20-127   +8.999805e+01   +2.197980e-07 -5.911995e-02 +8.605555e-05 -1.039063e-02 -3.151566e-01 +2.334276e+03 -4.676690e+03 -2.236960e+04 +7.855868e+06 -2.300195e+11 +1.399641e+11 +2.298168e+11 -2.764807e+14 +4.645628e+18 -1.913480e+18   +2.801310e-07 +4.774765e-06 -1.115442e-03 +1.207047e-02 +7.673965e-01 -1.615536e+02 +4.127831e+02 +1.128256e+05 +3.645586e+06 +3.190040e+09 -6.134294e+09 -7.244127e+12 -7.816752e+13 -2.212127e+16 +1.310725e+18   
Q20-130   +8.999815e+01   -9.209578e-08 -5.912082e-02 -6.472024e-04 -4.387458e-02 -1.528647e-01 +2.358031e+03 -1.397468e+03 +1.245126e+05 +6.682248e+06 -2.305410e+11 +3.648095e+09 -1.355636e+12 -2.873778e+14 +4.672477e+18 -1.069307e+18   +5.682345e-07 +2.177918e-06 -6.355794e-05 -5.036307e-03 -6.411855e-01 -2.105969e+02 -1.580810e+03 +2.077356e+05 +2.700831e+07 +7.205534e+09 +7.286492e+10 +2.213302e+11 -6.370214e+14 -1.467559e+17 -1.841172e+18   
Q20-136   +8.999890e+01   +3.533351e-08 -5.910628e-02 -6.605123e-04 -9.594365e-02 -9.071694e-01 +2.337259e+03 -2.372519e+03 +1.644558e+05 +7.914998e+05 -2.306748e+11 +5.205395e+10 -2.600435e+12 +2.348194e+14 +4.663463e+18 +1.452779e+18   +3.808825e-07 -1.309015e-05 -4.434794e-04 +2.087747e-02 +1.940905e-01 -1.082597e+02 -1.291390e+03 +4.638401e+04 +1.032193e+07 +1.216668e+09 +3.070495e+10 -2.363522e+12 -5.636146e+14 +4.920278e+16 -2.091824e+18   
Q20-139   +8.999890e+01   +1.735643e-07 -5.913935e-02 -1.048785e-03 -4.919882e-02 +2.207716e-02 +2.298537e+03 -1.358470e+03 +2.838380e+05 +1.653667e+07 -2.291322e+11 +9.478754e+10 -1.466091e+13 -5.888454e+14 +4.715202e+18 -6.289802e+18   +1.240451e-07 -5.657908e-06 -5.809149e-04 +1.069764e-02 -1.104916e+00 -2.684042e+02 +2.740011e+03 +2.740833e+05 +1.803150e+07 +6.604202e+09 -9.901625e+10 -1.572265e+13 +3.107750e+14 -5.621931e+16 +1.013227e+19   
Q20-140   +8.999905e+01   +2.854691e-07 -5.912691e-02 -6.814981e-04 -4.168312e-02 +7.884647e-02 +2.291484e+03 +1.302529e+03 +7.857176e+04 -4.498170e+06 -2.275252e+11 -6.982765e+10 +3.100096e+12 +3.278073e+14 +4.549595e+18 +2.040429e+18   +2.532069e-07 -1.854128e-05 -7.600725e-04 +2.265187e-02 +1.056239e+00 -2.506716e+02 +4.005883e+02 +3.973958e+04 -7.866903e+06 +6.301078e+09 +1.850734e+10 -6.901113e+12 -1.481858e+14 -4.521363e+16 -3.729248e+18   
Q20-142   +8.999905e+01   +5.987930e-07 -5.912561e-02 -5.050950e-04 -1.021569e-01 +1.995411e-01 +2.216271e+03 -3.068032e+02 +3.392776e+05 +1.782933e+07 -2.304484e+11 +7.560898e+09 -8.861987e+12 -5.730776e+14 +4.675007e+18 +1.841756e+18   -2.194622e-09 -4.828737e-06 +1.165136e-03 -1.220195e-02 -1.797183e+00 -2.000818e+02 -3.933773e+03 +2.694805e+05 +2.758135e+07 +4.661675e+09 +7.985850e+10 -7.142043e+12 -1.024522e+15 -1.766489e+16 +1.855933e+18   
Q20-149   +8.999895e+01   +6.360172e-07 -5.914039e-02 -1.793708e-04 -3.854427e-02 +6.863791e-01 +2.253061e+03 -9.474708e+02 -7.527160e+04 +1.359151e+07 -2.312529e+11 +1.698786e+10 -8.776869e+11 -5.324849e+14 +4.708119e+18 +6.909132e+17   +2.497837e-07 -7.852478e-06 -4.736831e-04 +9.046533e-03 +6.673006e-01 -2.119744e+02 +8.344483e+01 +6.399559e+04 -4.379454e+06 +5.361910e+09 -4.074691e+10 -1.491842e+13 +1.079327e+14 -3.657089e+16 +1.778672e+18   
Q20-153   +8.999950e+01   +3.490174e-07 -5.914230e-02 -9.326641e-04 -6.209918e-02 -1.104966e+00 +2.194840e+03 -2.386630e+03 +5.213168e+04 +2.589295e+07 -2.299441e+11 +4.118284e+08 +3.906882e+12 -7.788795e+14 +4.701321e+18 +8.971852e+17   +2.391123e-07 -7.624317e-06 +2.064526e-04 +2.225071e-02 -1.159659e-01 -1.645248e+02 -1.885603e+03 +1.547236e+05 +5.035552e+06 +3.286380e+09 +5.342564e+10 -9.830540e+12 -1.831635e+14 +1.588180e+16 -1.338400e+18   
Q20-162   +8.999905e+01   +3.583863e-07 -5.907437e-02 -7.489240e-04 -8.214048e-02 -1.058800e+00 +2.275106e+03 -5.407950e+02 +1.031390e+05 +1.244814e+07 -2.296615e+11 -5.305115e+10 -7.880778e+11 -2.315454e+14 +4.633456e+18 +2.467904e+18   +3.774250e-07 -1.820360e-05 -2.427747e-03 +3.098246e-02 +1.888380e+00 -1.042039e+02 +5.653493e+03 +9.259671e+04 -6.927639e+06 +1.424651e+09 -1.232681e+11 -5.625850e+12 -1.843796e+14 +5.379030e+15 +3.772848e+18   
Q20-176   +8.999630e+01   +6.490590e-07 -5.909514e-02 +1.533280e-04 -6.697945e-02 +6.374263e-01 +2.210783e+03 -2.532964e+03 +1.636711e+05 +1.596476e+07 -2.284015e+11 +4.597717e+10 -5.001462e+12 -6.663154e+14 +4.561372e+18 -7.718487e+17   +1.329467e-07 -9.964969e-06 -3.330361e-04 +1.059177e-02 -2.320651e-02 -1.689101e+02 -1.445808e+03 -2.608207e+04 -4.696286e+06 +3.401306e+09 +9.234685e+10 -4.189224e+12 +2.343159e+14 +2.649843e+16 -2.894441e+18   
