# multipoles are divided by excitation current and units are [T], [m] and [A]
# harmonics (dipole n=0): 00 01 02 03 04 05 06 07 08 09 10 11 12 13 14 
# MAG_LABEL   CURRENT[A]   <NORMAL_MULTIPOLES/CURRENT>[T/m^(n-1)/A]   <SKEW_MULTIPOLES/CURRENT>[T/m^(n-1)/A]
Q20-005   +3.997950e+00   +7.341207e-07 -6.561763e-02 -4.506547e-04 -6.437529e-02 -2.067823e+00 +1.862643e+03 -1.335007e+03 +2.239159e+05 -2.591085e+07 -2.588664e+11 +3.249675e+10 +3.843100e+12 +4.057254e+14 +5.101737e+18 +5.658650e+18   +7.720459e-07 -1.962857e-05 -8.488493e-04 +2.192006e-05 +7.549179e-01 -2.897552e+01 +2.197798e+03 +3.154126e+05 -2.100974e+07 +1.387571e+09 -6.863493e+10 -3.190270e+13 -3.245556e+15 -3.320544e+16 +8.306482e+17   
Q20-007   +3.997950e+00   -4.275126e-07 -6.634505e-02 -8.909969e-03 -8.151678e-02 -5.496414e+00 +2.065171e+03 +7.677405e+03 -2.494474e+05 -2.274706e+06 -2.652384e+11 -1.109794e+12 -1.551357e+13 +1.920287e+13 +4.989552e+18 -2.736252e+19   -8.269065e-07 -5.129241e-06 +5.360462e-03 +2.224692e-02 -2.061317e+00 -2.519571e+02 -1.708147e+04 -3.841446e+05 +3.036491e+07 +6.537338e+09 -1.087900e+11 -1.899647e+13 +4.937798e+14 +6.990165e+17 -2.394596e+19   
Q20-009   +3.998100e+00   +1.694051e-06 -6.545892e-02 -2.718231e-04 -1.124117e-01 -1.275959e-02 +2.093323e+03 -1.586476e+03 -1.040438e+05 +3.035637e+07 -2.561919e+11 -1.451354e+11 -1.855291e+13 -9.537773e+14 +5.216978e+18 -5.815240e+18   +3.703742e-06 -8.876056e-06 -9.437505e-03 +2.962337e-03 +7.079963e+00 -1.587203e+02 +1.768254e+04 +2.884890e+05 +4.515497e+06 +3.391966e+09 -5.039331e+10 -6.821740e+12 +1.494097e+15 +1.176712e+17 +8.802981e+18   
Q20-010   +3.997650e+00   +2.238811e-07 -6.535132e-02 -5.663490e-03 -9.032639e-02 -4.379921e+00 +2.031182e+03 +6.399450e+03 -4.516729e+04 +5.390787e+06 -2.503886e+11 -1.857319e+11 +3.346426e+12 -1.054115e+15 +5.296189e+18 +2.771356e+18   +1.223740e-06 -7.543084e-06 -2.763403e-03 +3.050372e-02 +4.866289e+00 -1.546823e+02 -2.851203e+03 +6.809908e+04 +6.271082e+06 +3.043018e+09 -3.282924e+11 -5.497750e+12 -8.262832e+14 -1.818213e+17 -3.057361e+18   
Q20-011   +3.997650e+00   +7.429750e-07 -6.542651e-02 -2.368180e-03 -7.758388e-02 -2.730227e+00 +2.076424e+03 -2.772972e+03 -4.412505e+05 -2.483192e+06 -2.510597e+11 -2.058888e+11 -4.931465e+12 -1.205038e+15 +5.302840e+18 -6.118972e+18   +1.710764e-07 +6.671202e-07 +2.191670e-03 -1.989848e-02 -3.124331e-01 -2.170087e+02 -7.725304e+03 +6.169767e+05 +3.072305e+07 +2.941593e+09 +3.717409e+11 -4.016009e+13 -3.517827e+13 +9.276230e+15 +1.768446e+16   
Q20-012   +3.997600e+00   +2.882505e-06 -6.542445e-02 +3.875095e-03 -1.075887e-01 +6.086167e-01 +2.155424e+03 -2.584981e+04 +5.439671e+05 +3.960897e+07 -2.570817e+11 +3.163100e+11 +2.794247e+12 -2.260369e+15 +5.115915e+18 +4.315975e+18   +1.982875e-06 -2.132227e-05 -4.645592e-03 -5.794714e-03 +5.824167e+00 -2.265915e+02 +9.562297e+02 +6.098834e+05 +1.947653e+07 +4.497956e+09 -1.485242e+10 +8.862317e+12 -5.491487e+14 +1.327240e+17 -5.117988e+18   
Q20-013   +3.997600e+00   +2.799645e-06 -6.540857e-02 +3.758400e-03 -3.478825e-02 +1.514535e+00 +2.099798e+03 -1.239366e+04 +2.431538e+05 +2.133909e+07 -2.559000e+11 -1.341420e+11 +2.136516e+13 -2.788366e+14 +5.271195e+18 +9.609281e+18   +3.037485e-07 -1.618713e-05 +1.881285e-03 +5.363488e-02 +3.906274e-01 -2.012109e+02 -1.868693e+04 +2.095594e+05 +2.307292e+07 +1.059787e+10 +2.255240e+11 +1.079771e+13 +3.625075e+14 -6.762290e+16 -4.436362e+18   
Q20-014   +3.997850e+00   +1.476715e-08 -6.557087e-02 -4.376157e-03 -8.755731e-02 -3.650962e+00 +2.041317e+03 +6.330953e+03 -7.231717e+03 +3.282074e+07 -2.555689e+11 +8.996518e+10 +2.171764e+12 +3.308416e+14 +5.315304e+18 +9.898213e+18   +4.661040e-07 -2.826694e-05 +2.391659e-04 +6.250179e-02 +1.061344e+00 -1.807062e+02 +4.696164e+03 +1.970533e+05 +2.488229e+07 +7.366572e+09 +2.936088e+11 +7.791255e+12 +7.220348e+13 +6.571410e+16 +1.280504e+18   
Q20-015   +3.997850e+00   +1.162496e-06 -6.550048e-02 -3.372040e-03 -1.058379e-01 -3.327884e-01 +1.928852e+03 +1.290086e+04 -5.090616e+04 +2.665410e+07 -2.530330e+11 -6.192368e+10 +1.434975e+13 -2.170931e+15 +5.306880e+18 +8.460020e+18   -7.784527e-09 -4.212162e-06 +1.232936e-03 +1.503442e-02 +2.724557e-01 -1.741283e+02 -1.330333e+04 +4.711790e+05 +9.555371e+06 +6.460925e+09 -6.626247e+10 -2.647300e+13 -6.893138e+14 +6.287372e+16 +1.476349e+18   
Q20-016   +3.998200e+00   +9.217048e-08 -6.542317e-02 -5.776727e-03 -6.087289e-02 -3.938452e+00 +1.923697e+03 +1.542063e+04 -2.120859e+05 -9.169014e+06 -2.494770e+11 -5.854650e+11 -3.800243e+12 +1.751593e+15 +5.162446e+18 -2.541481e+18   +6.457126e-08 -1.648196e-05 +2.369983e-03 -1.216160e-03 -4.608401e-01 -2.573168e+02 -5.633638e+03 +7.298394e+05 -2.421507e+07 +7.698009e+09 +2.500062e+11 -1.601665e+13 -1.371353e+14 -1.707122e+17 +3.514639e+18   
Q20-021   +3.997850e+00   +3.167880e-06 -6.562672e-02 +3.732276e-03 -4.392559e-02 +8.355599e-01 +1.979476e+03 -1.421619e+04 -1.320562e+05 +6.624973e+07 -2.536376e+11 +4.145593e+10 -9.714969e+12 -1.188729e+15 +5.347207e+18 -1.306367e+19   +4.386223e-07 +6.300922e-07 +1.290149e-03 +2.818347e-02 +5.847698e-01 -2.462608e+02 -7.989687e+03 -1.659771e+05 +1.629032e+07 +8.265128e+09 -3.096602e+10 -1.733052e+13 -3.891297e+14 -2.315760e+17 -2.493545e+18   
Q20-022   +3.997800e+00   +3.824051e-06 -6.561844e-02 +7.870134e-03 -8.248714e-02 +3.922020e+00 +1.944586e+03 -2.203275e+04 -2.552929e+05 +5.146025e+07 -2.551466e+11 +8.301876e+10 -4.296581e+12 -1.841318e+15 +5.227740e+18 -3.628901e+18   -7.987143e-07 -1.059527e-05 +4.757317e-03 +9.261191e-03 -1.592663e+00 -2.204834e+02 -1.555902e+04 +3.559345e+05 +2.493888e+07 +3.163502e+09 -1.432250e+10 +5.141598e+12 +6.424008e+14 +6.336357e+16 +6.335485e+18   
Q20-023   +3.997750e+00   +5.732274e-07 -6.544491e-02 -4.553589e-03 -4.067733e-02 -2.474245e+00 +2.236259e+03 +4.692707e+03 -1.962867e+05 +2.980657e+07 -2.542055e+11 -3.028466e+11 +5.383671e+12 -6.436205e+14 +5.283572e+18 -2.733292e+18   +9.196290e-07 -9.856149e-06 -2.756433e-04 +1.528340e-02 +3.724442e+00 -2.314716e+02 -4.987165e+03 +1.247578e+05 -2.373879e+06 +6.902555e+09 -1.266894e+11 -1.897001e+13 -1.736896e+15 -4.501720e+16 -4.889498e+17   
Q20-026   +3.998300e+00   +2.619458e-06 -6.546920e-02 +2.395043e-03 -3.770025e-02 +1.582516e+00 +1.984349e+03 -1.109424e+04 +2.980867e+05 +1.372663e+07 -2.552537e+11 -3.903149e+11 -2.187480e+12 -1.286704e+15 +5.171968e+18 -1.042209e+19   +1.697679e-06 -1.264295e-05 -2.440498e-03 -1.094732e-02 -4.973874e-01 -1.816851e+02 +7.798399e+03 +6.465520e+05 +4.398252e+06 +1.027669e+09 -2.154946e+11 +2.205268e+13 -2.459875e+15 -5.495426e+16 -1.050936e+19   
Q20-027   +3.998450e+00   +3.594530e-06 -6.547875e-02 +5.443232e-03 -6.592047e-02 +1.837418e+00 +1.931745e+03 -2.118533e+04 -3.554807e+05 +5.810324e+07 -2.532701e+11 -1.152641e+11 -4.260884e+12 -5.641654e+14 +5.290608e+18 -8.371249e+17   +1.751362e-06 -2.260910e-05 -3.681527e-03 -8.049869e-03 +3.748077e+00 -1.725145e+02 +4.873981e+03 +6.314184e+05 +1.688258e+07 +5.974430e+09 +1.251328e+11 -1.210218e+13 +2.332930e+14 -1.629557e+17 +6.795348e+18   
Q20-028   +3.997800e+00   +6.772355e-07 -6.572510e-02 -2.705255e-03 -3.141420e-02 -2.904640e+00 +2.009701e+03 -2.259838e+03 +2.793274e+06 -2.476114e+07 -2.910116e+11 -1.372649e+12 -2.962274e+13 -5.495775e+15 +4.307282e+18 -9.865996e+19   +1.611762e-06 -2.240249e-05 -2.929329e-03 -1.452572e-02 +5.648407e+00 -2.095054e+02 +2.132574e+04 -6.827140e+05 -5.241055e+07 -5.271860e+09 +5.955025e+11 -8.624266e+13 -2.810641e+15 -4.951961e+17 +7.180147e+18   
Q20-033   +3.997950e+00   +3.184727e-06 -6.561580e-02 +3.780518e-03 -8.263675e-02 +2.096267e-01 +1.972239e+03 -1.790284e+04 -5.583176e+04 +1.468709e+07 -2.544041e+11 +1.246530e+11 +4.597016e+13 +6.736387e+13 +5.503621e+18 -6.957511e+18   +1.383107e-06 -1.441386e-05 -2.807676e-03 +1.399825e-02 +2.017627e+00 -3.250916e+01 +9.842517e+03 -2.764679e+05 +4.228952e+07 +6.692833e+09 +5.498691e+11 -1.644907e+13 -2.075817e+15 -1.319552e+17 -1.566803e+18   
Q20-034   +3.998000e+00   -3.505643e-07 -6.567064e-02 -6.851381e-03 -9.229455e-02 -4.137696e+00 +1.967684e+03 +1.215867e+04 +1.758866e+05 +2.483530e+07 -2.542459e+11 -3.724405e+11 +1.100141e+13 +4.254037e+13 +5.165103e+18 +7.367449e+17   -4.059137e-06 -2.384979e-05 +1.450577e-02 +2.002979e-02 -6.421328e+00 -1.526656e+02 -4.304982e+04 +4.004722e+05 +1.147779e+07 +2.689462e+09 +1.599872e+11 +4.230403e+12 +4.876011e+14 +5.456953e+16 +4.147151e+18   
Q20-035   +3.998050e+00   +4.287925e-06 -6.578099e-02 +6.839429e-03 -2.335199e-02 +2.499273e+00 +2.077049e+03 -1.485300e+04 -7.269304e+05 +2.240217e+07 -2.588127e+11 +5.541649e+10 +6.113991e+12 -1.258369e+15 +5.104914e+18 +2.775270e+18   +3.643033e-06 -1.969195e-05 -1.022921e-02 +3.940594e-02 +5.464214e+00 -1.504974e+02 +2.281044e+04 -1.015938e+05 +1.664807e+07 +7.661000e+09 -2.792874e+11 -2.320427e+13 -1.656434e+15 -3.413314e+16 +3.772442e+18   
Q20-036   +3.998100e+00   +2.205929e-06 -6.551920e-02 +1.249763e-03 -5.186676e-02 -5.985488e-01 +1.890792e+03 -5.522100e+03 +3.838883e+05 +5.454268e+07 -2.567992e+11 +4.873883e+10 +2.543191e+13 +2.132355e+15 +5.114937e+18 +4.321803e+18   +6.840382e-07 -3.007424e-05 +9.731182e-04 +6.012696e-02 +7.362435e-01 -5.407549e+01 -9.555694e+03 +5.411586e+05 +3.214107e+07 +9.250944e+09 +2.052006e+11 +2.773130e+12 -6.925577e+14 +4.075398e+16 +7.326260e+18   
Q20-038   +3.997800e+00   +2.124373e-06 -6.533323e-02 -1.333139e-04 -1.402464e-01 +6.292293e-01 +2.114658e+03 -9.463600e+03 -4.163620e+05 +8.668285e+07 -2.504402e+11 +5.788756e+10 +8.058555e+12 +9.705243e+14 +5.300438e+18 -8.890352e+18   +3.248069e-06 -2.725071e-05 -8.456253e-03 +3.002369e-02 +5.886035e+00 -1.391534e+02 +1.587587e+04 +1.736307e+05 +1.661134e+07 -4.431067e+09 -3.249220e+11 -1.761951e+13 -2.162570e+15 -5.736393e+17 -1.016187e+19   
Q20-039   +3.997800e+00   +2.032781e-06 -6.556158e-02 -1.616952e-03 -2.882305e-02 -1.044145e-01 +1.879081e+03 -6.482513e+03 -1.549260e+05 +6.560969e+07 -2.493181e+11 +5.018675e+10 +1.646689e+13 -2.797796e+15 +5.522345e+18 +7.174328e+18   +9.108327e-07 -7.759488e-06 -7.231027e-04 +4.555461e-02 +1.458412e+00 -7.314633e+01 -4.978793e+02 +1.851928e+05 -5.621457e+07 +4.171114e+09 -3.453990e+11 -1.475486e+13 -3.410736e+15 +7.653534e+16 -2.144255e+19   
Q20-041   +3.998300e+00   +1.532811e-06 -6.561716e-02 -2.560013e-03 -6.483383e-02 -5.525816e-01 +1.963379e+03 -1.641103e+03 +8.772673e+05 +7.866033e+07 -2.506535e+11 +3.556879e+10 -3.609897e+13 -2.150816e+15 +5.398659e+18 +1.091920e+19   +3.873784e-07 +4.288380e-07 +1.312350e-03 +1.354851e-03 -1.702416e-01 -2.559425e+02 -1.351721e+04 +1.169108e+05 -5.787044e+07 +4.905200e+09 +2.877193e+11 -1.497411e+13 -4.478358e+15 -2.063605e+17 +2.319969e+19   
Q20-044   +3.997800e+00   +3.027062e-06 -6.566041e-02 +2.370520e-03 -7.194970e-02 +2.148529e-01 +1.970732e+03 -6.967942e+03 +2.619723e+05 +7.100883e+07 -2.543754e+11 -3.344352e+10 -4.096533e+12 +4.049430e+13 +5.133866e+18 -9.077190e+18   -1.116755e-06 -1.789838e-05 +5.427703e-03 -1.259693e-03 -1.517612e+00 -2.061379e+02 -1.817026e+04 +2.605888e+05 -3.059323e+06 +4.458432e+09 +1.549134e+11 -1.733726e+13 -7.153860e+14 -8.717807e+16 +5.378706e+18   
Q20-045   +3.997900e+00   +1.826737e-06 -6.580517e-02 -1.820408e-03 -2.633395e-02 -1.945511e+00 +2.019971e+03 +3.217914e+03 +1.397542e+04 +6.768971e+07 -2.534433e+11 -1.717088e+11 +1.363792e+13 -1.813216e+15 +5.258171e+18 -2.544596e+18   +1.359929e-09 -2.849881e-06 +2.147921e-03 +6.568659e-02 -1.333751e+00 -2.423525e+02 -1.199882e+04 +1.648824e+05 -2.543118e+07 -8.365252e+08 -9.893729e+10 -2.734938e+13 -2.195014e+15 -2.427272e+17 -1.574662e+17   
Q20-048   +3.998000e+00   -9.290158e-08 -6.617391e-02 -5.507524e-03 -1.985023e-02 -1.811634e+00 +1.941015e+03 +1.184530e+04 -2.486001e+05 +4.987269e+07 -2.547024e+11 -1.871793e+11 +2.809650e+12 -2.150074e+14 +5.169590e+18 -8.851496e+17   +2.294758e-06 -2.567346e-06 -4.755360e-03 +4.848127e-03 +2.208052e+00 -1.093951e+02 +8.498309e+03 +8.459532e+05 +2.723059e+07 -1.436971e+09 -5.346618e+10 -1.171713e+13 -9.942359e+14 +4.451416e+16 -5.403099e+18   
Q20-049   +3.997950e+00   +6.018409e-07 -6.592176e-02 -4.968584e-03 -6.687082e-02 -2.071520e+00 +1.998310e+03 +1.243917e+04 +1.534287e+05 +7.183024e+07 -2.518781e+11 -1.019344e+10 +8.402721e+12 -1.632250e+15 +5.077802e+18 -1.172511e+19   -6.146337e-07 -1.301008e-05 +4.152055e-03 +3.157606e-03 -1.739210e+00 -2.618647e+02 -1.923389e+04 +6.552203e+05 -4.033210e+07 -1.010099e+09 +4.459473e+10 +3.066559e+13 -2.212943e+15 -2.217674e+17 -4.851329e+18   
Q20-051   +3.998150e+00   +2.398559e-06 -6.602148e-02 +1.536934e-03 -2.333008e-02 +6.443600e-01 +2.072792e+03 -1.093911e+04 +9.183112e+04 +3.786324e+07 -2.511286e+11 -1.481767e+11 +1.542527e+13 -1.423006e+15 +5.213169e+18 -5.478101e+18   +8.162528e-07 -1.706729e-05 +8.830459e-04 +6.769338e-03 +7.605330e-01 -1.462917e+02 -9.162498e+03 +5.473794e+05 +7.464985e+07 -1.176298e+09 -2.273534e+10 -2.745415e+13 -6.212398e+14 -1.362619e+16 -3.353171e+18   
Q20-053   +3.998250e+00   +3.499051e-06 -6.587715e-02 +3.888589e-03 -1.025618e-01 +2.155740e+00 +1.902122e+03 -1.668111e+04 +5.521633e+05 +1.868431e+07 -2.498932e+11 -2.620266e+11 +4.699774e+13 -3.097965e+15 +5.357131e+18 -2.298158e+19   +5.250249e-07 -2.276609e-05 -1.160088e-03 +8.344958e-03 +2.924334e+00 -7.471856e+01 +6.951849e+03 +4.770009e+05 -1.378471e+06 +2.146017e+09 +1.150051e+11 -6.102560e+13 +8.400615e+14 -7.411718e+16 +1.022171e+19   
Q20-055   +3.998200e+00   +2.165151e-06 -6.586812e-02 +7.531091e-04 -1.499416e-02 +8.205960e-01 +1.996810e+03 -6.031212e+02 +2.477445e+03 +1.870440e+07 -2.550450e+11 -7.072195e+09 +1.754902e+13 -6.287417e+14 +5.128478e+18 -6.222485e+18   -1.079256e-07 -1.413808e-05 +3.053184e-03 +4.738407e-03 -5.322645e-01 -1.530556e+02 -7.401543e+03 +5.450578e+05 +3.978190e+07 +2.997706e+09 +2.727082e+11 -7.834110e+12 -1.187740e+15 -5.835523e+16 -8.059419e+18   
Q20-057   +3.998000e+00   +3.945560e-07 -6.604827e-02 -5.993007e-03 -5.338314e-02 -4.298827e+00 +1.958651e+03 +7.376048e+03 +1.417082e+05 +1.227923e+07 -2.542051e+11 -7.054680e+10 +9.362179e+12 -3.517129e+14 +5.179145e+18 +1.184903e+19   +2.571953e-06 -1.127015e-05 -5.421111e-03 +6.885848e-03 +5.591143e+00 -6.460543e+01 +1.650550e+04 +4.277881e+05 +2.690545e+07 -1.791837e+09 +4.639452e+11 -7.301866e+12 +9.071768e+14 +3.141351e+16 +1.445883e+19   
Q20-061   +3.997500e+00   +2.859625e-06 -6.625433e-02 +4.024943e-03 -2.512633e-02 +2.163438e+00 +2.044749e+03 -1.570546e+04 -3.206146e+05 +1.706470e+07 -2.556843e+11 -1.587476e+09 +2.969661e+13 -2.472696e+14 +5.049896e+18 -5.138091e+17   +1.665130e-06 +2.038697e-05 -3.257578e-03 +3.953969e-03 +1.858171e+00 -3.229041e+02 +3.131902e+03 +4.372115e+05 -3.902134e+06 +9.626582e+09 -1.089180e+11 -1.050298e+13 -3.126579e+15 -2.065809e+17 +1.130693e+19   
Q20-063   +3.997850e+00   +2.506850e-06 -6.655117e-02 +4.360414e-03 -7.300226e-02 +3.790965e+00 +2.125200e+03 -1.794671e+04 +2.198194e+04 +2.894376e+07 -2.521010e+11 +2.335900e+11 -7.878077e+12 +8.344885e+14 +5.252683e+18 -4.189342e+18   +2.276740e-06 -1.700686e-05 -4.653809e-03 -3.254547e-02 +4.540023e+00 -1.243168e+02 +4.018890e+03 +9.990005e+05 +3.566397e+07 -1.040609e+09 -1.568716e+11 -3.646485e+12 -4.746066e+14 +1.088083e+17 -9.231097e+18   
Q20-065   +3.998050e+00   +1.638662e-06 -6.605668e-02 -1.796521e-03 -5.613236e-02 -2.484315e+00 +1.985086e+03 -2.030215e+03 +2.493838e+05 -4.165065e+06 -2.538538e+11 -1.719078e+10 -7.730851e+12 -1.260860e+15 +5.045910e+18 +5.326154e+18   +2.370370e-06 -1.945788e-05 -5.391979e-03 +2.952332e-02 +4.234112e+00 -1.686315e+02 +1.016851e+04 +3.735011e+05 +1.009887e+07 +4.173750e+09 +3.318608e+11 -1.276131e+13 -1.140086e+15 +2.261415e+17 +7.367064e+18   
Q20-066   +3.996300e+00   +5.718264e-07 -6.580222e-02 -5.119385e-03 +2.514566e-02 -2.626312e+00 +1.912000e+03 +2.307875e+04 -5.552921e+05 +3.610682e+07 -2.510750e+11 -1.792403e+11 -5.868961e+12 -1.345269e+15 +5.230358e+18 -7.090987e+18   +2.648875e-06 -1.069518e-05 -6.571163e-03 +1.693324e-02 +4.049408e+00 -1.962322e+02 +9.000318e+03 +4.659755e+05 +5.992108e+06 +6.511651e+09 +8.017093e+10 -8.099827e+12 -3.051938e+14 +2.167724e+16 -4.784248e+18   
Q20-068   +3.998250e+00   +5.325220e-07 -6.690842e-02 -5.814979e-03 -3.933949e-02 -1.498680e+00 +2.242624e+03 +1.386534e+04 -2.923411e+05 +4.043562e+07 -2.560305e+11 -3.676436e+10 +1.256813e+13 +4.692390e+14 +5.289672e+18 -7.450199e+18   -4.699894e-07 -1.152438e-05 +3.574932e-03 +2.804092e-03 -2.034540e+00 -2.668520e+02 -1.145983e+04 -2.090426e+05 +1.529936e+07 +7.303365e+09 -9.081401e+09 +1.147111e+13 -1.693201e+15 -5.479425e+16 -2.965940e+18   
Q20-069   +3.997650e+00   -1.250170e-07 -6.615387e-02 -3.745751e-03 -1.271407e-01 -2.565792e+00 +2.165862e+03 +1.605476e+04 +9.241835e+05 -3.088847e+07 -2.538686e+11 -2.754979e+11 -2.930637e+13 -2.918059e+15 +5.513967e+18 -1.095330e+18   +1.068479e-06 +3.380751e-05 -2.192722e-03 +2.521296e-02 +1.489928e+00 -2.160258e+02 -3.676285e+03 -7.590519e+04 -1.296009e+07 +7.775498e+09 -2.421192e+10 -5.038005e+13 -2.499520e+14 +2.107422e+17 -1.551820e+19   
Q20-071   +3.997750e+00   +6.455836e-07 -6.623926e-02 -4.606239e-03 -8.051992e-02 -2.212660e+00 +2.164841e+03 +1.327247e+04 +1.344879e+05 +5.254205e+07 -2.545162e+11 -1.039258e+11 +1.133127e+13 -1.213839e+15 +5.277048e+18 +7.512914e+17   +9.526314e-07 +1.435693e-05 +7.127124e-04 +9.871318e-03 -7.033356e-01 -1.948130e+02 -4.432536e+03 +3.229026e+05 +5.557056e+07 +4.298038e+09 +2.511730e+11 -9.698708e+12 -1.334707e+15 +3.211742e+16 -1.050557e+19   
Q20-073   +3.997500e+00   +2.364675e-06 -6.609756e-02 +6.680906e-05 -1.044710e-01 -9.460703e-01 +2.149442e+03 +5.022074e+03 -3.759967e+05 +4.578266e+07 -2.580093e+11 -5.930847e+10 -1.290233e+13 -3.630657e+14 +5.387667e+18 +9.641621e+18   +1.516918e-06 +3.617501e-05 -2.142756e-03 +4.113766e-02 +5.438552e-01 -1.746628e+02 +1.904684e+04 +2.275282e+05 +1.157427e+08 +4.534004e+09 +4.443690e+10 +1.187282e+12 -1.955482e+15 -2.038440e+17 +5.298051e+16   
Q20-074   +3.997800e+00   +1.701762e-06 -6.619473e-02 -1.741555e-03 -6.006739e-02 -7.738411e-01 +2.045416e+03 +1.347933e+03 +3.981560e+05 +3.516151e+07 -2.557587e+11 +2.147223e+10 +2.532778e+13 -1.320260e+15 +5.193301e+18 +5.938624e+18   +1.746005e-06 +1.018835e-05 -2.070332e-03 +1.045775e-02 +1.517570e+00 -2.273983e+02 +1.042528e+04 +7.990802e+04 +4.229831e+07 +1.897663e+09 -1.208204e+11 +1.074581e+13 -1.142345e+15 -1.665189e+17 +1.864318e+19   
Q20-076   +3.997700e+00   +1.893255e-06 -6.619206e-02 -1.498023e-03 -2.880496e-02 -1.526999e+00 +1.994586e+03 -1.942680e+03 -1.435040e+05 +5.852145e+07 -2.507174e+11 -4.907044e+11 +2.206402e+13 -7.857298e+14 +5.229264e+18 -1.075356e+19   +1.673671e-07 +2.007983e-05 -7.796028e-05 +3.804267e-02 +1.024922e+00 -2.060638e+02 -2.953148e+03 +5.907837e+05 -7.239478e+07 +5.646117e+09 +1.848233e+11 -4.506469e+13 -1.016146e+15 -2.697046e+17 +7.187453e+18   
Q20-077   +3.998000e+00   +1.285194e-06 -6.599592e-02 -5.649215e-04 -5.623324e-02 -2.177153e+00 +1.969283e+03 -3.228169e+03 +4.315233e+04 +5.012954e+07 -2.575858e+11 +1.208864e+11 -6.732799e+12 -6.058974e+14 +5.290240e+18 +4.204990e+18   +1.213961e-06 -8.156681e-06 -1.791075e-03 +3.347589e-02 +1.893905e+00 -1.701572e+02 +5.616331e+03 +3.033742e+05 +2.197205e+07 +1.939992e+09 +3.589785e+10 +2.491099e+12 +5.448399e+13 -2.585605e+16 +2.228303e+18   
Q20-078   +3.997800e+00   +3.384717e-06 -6.625376e-02 +4.592884e-03 -6.991188e-02 +2.182952e+00 +2.018663e+03 -1.314645e+04 -2.718353e+05 +3.224408e+07 -2.547664e+11 -1.671774e+11 +1.198732e+13 +6.852514e+14 +5.186833e+18 +6.153517e+18   +1.858688e-06 -8.937711e-06 -3.182690e-03 +2.910038e-02 +1.638738e+00 -3.861714e+02 +1.217006e+04 +4.868177e+04 +1.700514e+07 +5.776710e+09 -1.835654e+10 -2.364214e+13 +1.348859e+14 -2.998919e+16 -2.866822e+18   
Q20-080   +3.997750e+00   +2.846636e-06 -6.599477e-02 +3.381917e-03 -6.576597e-02 +8.770226e-01 +2.100488e+03 -6.317318e+03 -1.264509e+05 +1.412801e+06 -2.563087e+11 +1.120089e+11 -5.253935e+12 -2.643349e+15 +5.291562e+18 +2.103417e+18   +1.709029e-06 +1.329537e-05 -4.389229e-03 +4.677551e-03 +3.816985e+00 -2.043432e+02 +9.401383e+03 +3.532662e+05 +1.383677e+07 +4.254391e+09 -1.449131e+10 +3.396876e+12 +4.152128e+14 -6.807732e+16 +3.918014e+18   
Q20-081   +3.997500e+00   +2.304388e-06 -6.593311e-02 +1.491473e-03 -5.342404e-02 -8.742144e-01 +2.055910e+03 +3.140948e+03 +1.468317e+05 +5.359009e+07 -2.542234e+11 -1.761145e+11 +8.739905e+12 -1.420403e+15 +5.216128e+18 +1.804457e+19   +2.032861e-06 +7.299405e-06 -5.092783e-03 +2.201225e-02 +3.751657e+00 -3.151144e+02 +9.511877e+03 +5.157799e+05 -2.691760e+07 +8.516488e+09 -1.977857e+10 +2.434206e+12 -1.301968e+14 -1.548994e+17 +9.416991e+17   
Q20-082   +3.997700e+00   +1.184370e-06 -6.611119e-02 -8.112807e-04 -5.790159e-02 -8.354776e-01 +1.932072e+03 +2.164593e+03 -1.070831e+05 -5.240468e+07 -2.554321e+11 -1.038950e+11 -3.321657e+13 -1.554649e+15 +5.342204e+18 -1.029447e+19   +7.978405e-07 +6.022375e-06 -1.875254e-03 +2.200789e-02 +1.504736e+00 -1.981138e+02 +5.099472e+03 +4.379603e+05 +1.358195e+07 +5.220034e+09 -7.105075e+10 -1.337088e+13 +6.827576e+14 -3.361500e+17 -2.183121e+17   
Q20-083   +3.995650e+00   +2.212739e-06 -6.627998e-02 +2.886814e-03 -3.874466e-02 +1.157674e+00 +1.998864e+03 -1.259772e+04 -2.027430e+05 +3.227960e+07 -2.528502e+11 -1.635454e+11 +6.027930e+12 -1.410783e+15 +5.190597e+18 +1.025499e+18   +1.335835e-06 -1.552739e-05 -2.411219e-03 +3.056316e-02 +3.805696e+00 -1.670741e+02 +4.891177e+03 +1.851666e+05 +7.201334e+07 -2.612293e+09 -3.065411e+11 +8.926242e+12 -8.671090e+14 -3.067306e+17 +1.134915e+19   
Q20-086   +3.998350e+00   +1.142059e-06 -6.641505e-02 -2.261772e-03 -6.605460e-02 -4.388345e-01 +2.017041e+03 +5.245226e+03 +1.415230e+05 +3.196756e+07 -2.590681e+11 +8.063969e+08 -1.202462e+13 -6.140323e+14 +5.366304e+18 +2.029178e+18   -3.513667e-07 -4.588308e-06 +2.567752e-03 +3.027794e-02 -1.727555e+00 -5.079263e+01 -7.409824e+03 +6.453622e+05 -3.642728e+07 +4.349207e+09 +1.405873e+11 -1.388866e+13 -5.778664e+14 -1.336101e+17 +3.667283e+18   
Q20-087   +3.997950e+00   +9.427609e-07 -6.571085e-02 -3.657747e-03 -6.508018e-02 -1.242180e+00 +1.706427e+03 -2.799897e+03 -1.001619e+05 +1.676184e+07 -2.539419e+11 +1.645749e+11 +3.090852e+12 -9.252932e+14 +5.267865e+18 +6.112720e+18   +1.289526e-06 -1.881912e-05 -2.893000e-03 -7.142518e-03 +5.643545e+00 -2.355969e+02 -2.897407e+02 +4.324624e+05 +1.030577e+08 -9.612336e+08 +3.250283e+11 +1.092555e+13 +5.972316e+15 +2.238391e+17 +4.103861e+18   
Q20-088   +3.997900e+00   +2.827337e-06 -6.597871e-02 +1.868818e-03 -3.381690e-02 +6.099147e-01 +2.045288e+03 -6.261370e+03 -2.238763e+04 +3.011819e+07 -2.504732e+11 -7.012769e+10 -1.115764e+13 -1.934181e+15 +5.064121e+18 -7.110563e+17   +2.733375e-06 -2.199753e-05 -7.701964e-03 +5.133122e-02 +7.892936e+00 -2.357755e+02 +1.643068e+04 +2.391901e+05 -2.118101e+07 +3.973211e+09 -1.554050e+11 -1.020055e+13 -8.826699e+14 -9.796616e+15 +7.925248e+18   
Q20-090   +3.996200e+00   +1.099665e-06 -6.607550e-02 -2.989332e-03 +4.499540e-02 -2.260392e+00 +2.006692e+03 +4.894102e+03 -7.078274e+05 +6.304061e+07 -2.523978e+11 +1.483721e+10 +4.563385e+12 -2.610748e+14 +5.173447e+18 -1.225716e+19   -5.794687e-08 -7.662980e-06 +1.183669e-03 +1.111901e-02 +1.016691e+00 -1.854438e+02 -1.078670e+04 +9.490103e+04 +1.717980e+07 +1.652498e+09 +1.029089e+11 -1.604522e+13 +3.707277e+14 -1.385265e+16 +1.153082e+18   
Q20-091   +3.995950e+00   +9.941243e-07 -6.626482e-02 +9.479013e-05 -3.401647e-02 +7.389967e-01 +2.017293e+03 +1.152718e+03 +1.793587e+05 -1.260395e+05 -2.488491e+11 -1.659000e+11 +1.955321e+13 +6.704588e+14 +5.189805e+18 -1.043001e+18   +1.516739e-06 -4.029327e-07 -4.055701e-03 +9.713755e-04 +2.580155e+00 -2.352600e+02 +1.518609e+04 +5.838479e+05 +3.862598e+07 +3.052235e+09 -1.396254e+11 -1.572160e+13 +1.872286e+15 +2.780555e+16 -2.081735e+18   
Q20-092   +3.998000e+00   +2.920250e-06 -6.596098e-02 +4.292431e-03 -7.041238e-02 +1.625070e+00 +2.082843e+03 -7.577761e+03 -8.807021e+04 +5.967604e+07 -2.532126e+11 +9.049617e+10 -2.269508e+12 -4.575385e+14 +5.151881e+18 +8.568454e+18   +1.258119e-06 -1.532973e-05 -2.280328e-03 +1.640553e-03 +2.605998e+00 -1.147863e+02 +2.703312e+03 +5.999545e+05 +9.920358e+06 -1.671200e+09 +4.977619e+10 -6.781821e+12 -4.186993e+14 -5.730998e+14 -1.046307e+19   
Q20-094   +3.995900e+00   +4.831042e-06 -6.596824e-02 +8.469379e-03 -3.256776e-02 +4.685778e+00 +2.061638e+03 -2.625751e+04 -2.422174e+05 +4.153582e+07 -2.492657e+11 +1.488960e+11 +2.637759e+13 -1.532624e+14 +5.268453e+18 -4.755930e+18   +2.056627e-07 -9.368533e-06 +1.604609e-03 +1.953423e-02 +3.596416e-01 -1.947151e+02 -1.003470e+04 +1.757972e+05 +1.710700e+07 +3.653497e+09 -3.678373e+10 -2.394812e+11 -8.480505e+14 -5.684264e+16 -8.671884e+18   
Q20-098   +3.998100e+00   +6.215230e-07 -6.576751e-02 -3.796866e-03 -3.579503e-02 -2.949539e+00 +2.021604e+03 +7.543548e+03 +1.263111e+05 +3.462002e+06 -2.534186e+11 -1.039834e+11 +2.189464e+12 -1.037865e+15 +5.264271e+18 -6.266524e+18   +1.501195e-06 -1.361762e-05 -3.110490e-03 -1.589604e-02 +1.117804e+00 -1.192186e+02 +1.851940e+03 +1.348481e+05 -2.914945e+07 -1.515429e+09 -6.973660e+10 -4.462567e+11 -8.296431e+14 -2.783650e+16 -7.489072e+18   
Q20-102   +3.997850e+00   +1.222842e-06 -6.570036e-02 -1.690777e-03 -5.315112e-02 -2.795720e+00 +1.792433e+03 +1.511640e+03 +3.327361e+05 +2.288574e+07 -2.541148e+11 +3.020879e+11 -1.437153e+13 -1.282114e+15 +5.319569e+18 -4.644884e+18   +3.097890e-07 +2.783824e-05 +1.030728e-03 +3.253841e-02 +4.669873e-02 -3.642400e+02 -7.725202e+02 -1.121882e+06 +3.558360e+07 +7.174494e+09 +4.786605e+10 +1.140519e+13 +4.984727e+14 -5.598254e+16 -1.676821e+17   
Q20-106   +3.998600e+00   +2.660874e-06 -6.673761e-02 +4.037256e-03 -6.718832e-02 +1.463686e+00 +2.158322e+03 -2.507300e+04 +1.703537e+05 +3.289239e+07 -2.549205e+11 -4.953881e+10 +1.176089e+13 +3.115806e+15 +5.530043e+18 +1.420585e+19   +3.800973e-06 +1.485034e-06 -1.125993e-02 +2.630476e-02 +4.402363e+00 -3.245296e+02 +2.811281e+04 +7.623963e+05 +6.249940e+06 +3.509713e+09 -2.931516e+11 +1.831839e+13 -1.748472e+15 +1.043387e+16 +1.603724e+19   
Q20-115   +3.996450e+00   +2.512215e-06 -6.569686e-02 +2.369270e-03 -3.235769e-02 +1.231006e+00 +1.969374e+03 -4.638629e+03 -6.907631e+05 +5.336201e+07 -2.471520e+11 +6.439955e+11 -1.064889e+13 -1.374995e+15 +4.893125e+18 +3.682078e+18   +9.933446e-07 -1.878656e-05 -1.166776e-03 +9.780315e-03 +2.328565e+00 -1.986378e+02 -8.926375e+02 +2.201467e+05 +3.308301e+07 +5.154742e+09 +3.447647e+09 -1.583115e+13 +1.573677e+15 +5.280001e+15 -1.630428e+19   
Q20-118   +3.996400e+00   +9.953451e-07 -6.556226e-02 -3.309931e-03 -1.087730e-03 -1.914955e+00 +1.988737e+03 +6.834541e+03 +8.577417e+03 +1.709711e+07 -2.505295e+11 -9.362499e+10 +8.855100e+12 +2.339747e+14 +5.114300e+18 -3.206118e+18   +9.701694e-07 -2.139835e-05 -3.409819e-04 +1.058084e-02 +2.772675e+00 -1.437806e+02 -1.690707e+02 +1.740764e+05 +1.685137e+07 -4.645814e+09 +1.804909e+11 -1.719316e+12 -1.226828e+15 -1.479434e+17 +1.112762e+19   
Q20-120   +3.996050e+00   +6.844854e-07 -6.586582e-02 -3.446398e-03 +2.260269e-02 -3.611589e+00 +2.008770e+03 +7.944160e+03 -4.915176e+03 +5.988964e+07 -2.504431e+11 -2.455101e+11 +2.804227e+13 -3.728029e+14 +5.155734e+18 +9.362080e+18   +1.431021e-06 -1.216431e-05 -3.439737e-03 +3.418133e-03 +3.743727e+00 -1.841325e+02 +6.321945e+03 +2.946988e+05 +2.109247e+07 +1.675017e+09 -9.823258e+10 -5.517571e+12 -1.173093e+15 -1.211728e+16 -4.083638e+18   
Q20-121   +3.997700e+00   +1.106456e-06 -6.583683e-02 -1.186173e-03 -3.273627e-03 -1.814688e+00 +1.979061e+03 +1.367259e+02 +9.317903e+05 +7.114966e+06 -2.474776e+11 -2.558133e+11 +1.062618e+13 -8.237201e+13 +5.382530e+18 -3.868532e+18   +1.755057e-06 -9.495940e-06 -2.119463e-03 -2.464256e-02 +3.165778e+00 -3.338282e+02 +6.296958e+03 -1.351467e+06 -4.101326e+06 +1.000223e+10 +2.154154e+11 -8.166418e+13 -2.070538e+14 -1.370690e+17 +9.501148e+18   
Q20-123   +3.997850e+00   +1.983974e-06 -6.550373e-02 -2.145602e-04 -2.406723e-03 +8.753760e-03 +1.906208e+03 -8.634031e+03 +5.910432e+05 +9.422284e+07 -2.514281e+11 -1.541006e+11 +2.942104e+13 +8.400620e+14 +5.125768e+18 +1.222883e+19   -9.895716e-08 -1.046381e-05 +1.782210e-03 +2.723409e-02 +6.381778e-01 -2.274436e+02 -5.165229e+03 +1.130260e+05 -4.160211e+07 +5.486174e+08 +7.181357e+10 -4.627682e+13 +8.327068e+14 -9.855325e+16 -1.445488e+19   
Q20-129   +3.997500e+00   +1.988649e-06 -6.595247e-02 -5.348991e-04 -5.962074e-02 -2.995595e-01 +2.102330e+03 -2.416391e+03 +5.391215e+04 +1.013939e+07 -2.537078e+11 -8.773253e+10 +2.333903e+12 -8.164645e+14 +5.223702e+18 +8.291375e+16   +8.326386e-07 +1.888402e-05 -1.924422e-03 +1.294718e-02 +2.109298e+00 -2.546129e+02 +3.557068e+03 +1.889983e+05 -1.307392e+06 +4.134607e+09 +5.942354e+10 -1.045546e+13 -1.005638e+15 -8.109113e+16 +1.079178e+18   
Q20-131   +3.997450e+00   +1.480334e-06 -6.603142e-02 -5.924905e-04 -7.575267e-03 -3.046797e-01 +2.110830e+03 +4.385841e+03 -1.858374e+05 +3.363004e+07 -2.488308e+11 -1.501796e+11 -3.010444e+12 -1.368597e+15 +4.968180e+18 +1.514382e+19   +7.533130e-07 +2.465957e-05 -1.054530e-03 +1.339493e-02 +1.976181e+00 -3.517920e+02 -1.055996e+03 -7.339409e+04 +5.393136e+07 +6.951802e+09 +1.942728e+11 +8.870032e+12 +2.152394e+15 -7.697665e+16 +4.474100e+18   
Q20-132   +3.997550e+00   -3.289542e-07 -6.587222e-02 -5.171160e-03 -6.893923e-02 -2.178377e+00 +2.026790e+03 -6.850416e+03 +8.735911e+05 -2.744171e+06 -2.621786e+11 -1.382220e+11 +6.548021e+13 -7.522292e+15 +5.203995e+18 -9.496334e+18   +1.666220e-06 -5.518710e-06 -4.470683e-03 -9.372778e-03 +3.785684e+00 -9.357674e+01 +1.447875e+04 +1.352366e+06 -5.933920e+06 +5.718398e+09 +2.061437e+11 +2.043534e+13 -1.180519e+15 -1.501605e+17 +3.879204e+19   
Q20-133   +3.997400e+00   +1.078020e-06 -6.553087e-02 -2.923285e-03 -3.124421e-03 -1.304525e+00 +2.099930e+03 +7.564640e+03 -6.935733e+04 +6.901141e+07 -2.492305e+11 +1.776661e+10 +4.209379e+13 -5.079714e+13 +5.233687e+18 -4.417591e+18   +1.650906e-06 +9.641114e-06 -2.900428e-03 +4.097964e-02 +4.157072e+00 -1.298846e+02 +4.986932e+03 +1.789021e+05 +4.618294e+07 +5.278148e+09 +2.854868e+11 -9.133242e+12 +1.250259e+15 -7.157087e+16 +8.795062e+18   
Q20-137   +3.998000e+00   +2.393716e-06 -6.603064e-02 +9.191781e-04 +5.974710e-03 +4.539332e-01 +2.155996e+03 -2.364817e+03 +6.079322e+04 +3.747299e+07 -2.530858e+11 -2.071455e+11 +2.744520e+12 +4.992676e+14 +5.280308e+18 +5.231468e+18   +9.758722e-07 +1.815727e-05 -2.111251e-03 +1.579555e-02 +3.288762e+00 -2.315087e+02 +1.114639e+03 +7.194430e+05 -6.297496e+06 +4.190158e+09 -2.641246e+10 +5.208619e+12 +1.421996e+14 -1.563124e+17 +2.902521e+18   
Q20-141   +3.997700e+00   +1.383122e-06 -6.594987e-02 -1.663464e-03 -2.432692e-02 -4.110441e+00 +1.963362e+03 +5.282415e+03 -4.793191e+05 +2.564167e+07 -2.513370e+11 +3.705798e+11 -3.458744e+13 +1.236991e+14 +5.536569e+18 +4.091318e+18   +6.366208e-07 +2.233155e-05 +1.432705e-04 +8.964560e-03 +9.817077e-01 -1.810120e+02 +1.131397e+03 +6.879461e+05 -2.427446e+06 +8.390074e+09 +8.761368e+10 +8.009370e+12 -5.630438e+15 -1.948068e+17 -6.526325e+18   
Q20-145   +3.996150e+00   +1.348523e-06 -6.593912e-02 -2.482447e-03 -7.554827e-02 -5.256319e-01 +2.040023e+03 +4.532695e+02 +4.918602e+05 +4.152982e+07 -2.543841e+11 -1.389358e+11 +8.446707e+11 -1.411846e+15 +4.968835e+18 -8.036753e+18   -7.803336e-07 -1.613138e-05 +3.472245e-03 +2.154832e-02 -2.652646e-01 -2.359481e+02 -1.621570e+04 +5.028250e+05 -7.256004e+06 +1.019862e+10 +3.928681e+11 +1.706283e+13 +8.794960e+14 -9.005523e+16 +1.191440e+19   
Q20-146   +3.998300e+00   +9.865800e-07 -6.563887e-02 -3.548481e-03 -4.163469e-02 -3.341010e+00 +1.912653e+03 +5.946597e+03 -2.670050e+05 +2.460427e+07 -2.516319e+11 -3.704552e+09 +1.987552e+13 -2.615959e+15 +5.295648e+18 +1.038498e+19   +1.052943e-06 -1.886624e-05 -2.798209e-03 +4.340542e-02 +3.008444e+00 -2.752710e+02 -1.124156e+03 +4.062141e+05 +4.504499e+07 -2.464303e+09 +2.434175e+11 -1.507159e+13 +7.197669e+14 -1.073084e+17 +7.190168e+18   
Q20-147   +3.998300e+00   +5.298409e-07 -6.614576e-02 -5.865923e-03 -1.184537e-01 -2.721054e+00 +2.139768e+03 +4.894245e+03 +8.837186e+04 +2.149046e+06 -2.547002e+11 -1.614724e+11 +1.020083e+13 -2.341881e+15 +5.162111e+18 +3.073671e+18   +1.872152e-06 -9.061876e-06 -5.320854e-03 +1.744434e-02 +4.572118e+00 -2.031209e+02 +3.797329e+03 -8.236003e+04 -4.322062e+07 +2.206009e+09 +9.846965e+10 -9.632099e+12 -3.211135e+14 -2.160026e+16 +3.197882e+18   
Q20-152   +3.998350e+00   +2.018025e-06 -6.547468e-02 +5.422159e-05 -1.298322e-01 +2.085318e-01 +2.018178e+03 -1.507241e+04 +4.234452e+05 +4.648452e+07 -2.512279e+11 +1.680609e+11 +1.638318e+13 +1.769409e+15 +5.031060e+18 +7.922938e+18   -7.882026e-08 +1.860997e-06 +5.233904e-04 +2.583466e-02 +1.527537e+00 -3.007653e+02 -5.102990e+03 -8.179016e+04 -1.238671e+07 -1.338316e+08 -6.820193e+10 -3.292166e+13 +8.349199e+14 +1.241750e+17 +1.095810e+19   
Q20-155   +3.998650e+00   +1.963155e-06 -6.572303e-02 -1.213644e-03 +6.308192e-02 -1.819473e+00 +1.918105e+03 -1.656649e+03 -1.234440e+06 +5.050832e+07 -2.497477e+11 -1.658049e+11 -2.501679e+13 -3.082503e+14 +5.314119e+18 +3.566674e+18   +2.551209e-06 +1.840342e-05 -5.924039e-03 +2.191068e-02 +4.489168e+00 -2.572321e+02 -2.794296e+03 +6.244067e+05 -3.169092e+06 +1.005882e+08 -5.950706e+11 -1.642379e+13 -4.257772e+15 -8.114033e+16 -6.871114e+18   
Q20-168   +3.997800e+00   +2.223580e-06 -6.585049e-02 +1.113371e-03 -5.379919e-02 +5.192836e-01 +1.828908e+03 -5.755138e+03 -1.535606e+05 +3.600133e+07 -2.481875e+11 +3.919513e+11 +1.964387e+13 +8.376755e+14 +5.041861e+18 +4.820479e+17   +1.818037e-06 -2.143860e-05 -3.442376e-03 +7.121137e-03 +1.672950e+00 -2.131836e+02 +1.135661e+04 -2.048765e+04 +1.987315e+07 -2.858577e+08 +3.181800e+11 +1.804300e+13 +1.067024e+15 +5.041185e+15 +7.856736e+18   
Q20-169   +3.998000e+00   +3.101771e-06 -6.608137e-02 +2.159049e-03 -1.048216e-02 +5.418012e-03 +1.879636e+03 -1.117550e+04 -3.539565e+05 +1.373799e+07 -2.477089e+11 +2.603414e+10 +1.801903e+13 -1.252613e+15 +5.142016e+18 +6.954740e+17   -1.843558e-07 +2.195961e-06 +2.404510e-03 +7.752056e-02 +2.609357e+00 -1.290892e+02 -5.200878e+03 +1.023403e+06 +7.433457e+06 +5.158929e+08 +2.020423e+11 -1.779753e+13 -1.574844e+15 +8.365688e+16 -3.189867e+18   
Q20-172   +3.995350e+00   +2.699283e-06 -6.656163e-02 +3.161368e-03 +9.928607e-03 -5.923974e-01 +1.998711e+03 -3.501047e+03 -4.120500e+05 +5.416006e+07 -2.463499e+11 +1.801287e+11 -4.529623e+12 +1.511893e+15 +5.243711e+18 +1.109886e+18   -4.095278e-07 -1.624572e-05 +1.811649e-03 +2.631782e-02 -1.660903e-02 -1.677556e+02 -1.747614e+03 +2.694810e+05 +4.102739e+07 +7.167435e+09 +1.972467e+11 -3.412575e+12 +6.789956e+15 +3.265949e+17 +9.332459e+18   
Q20-173   +3.998150e+00   +1.785193e-06 -6.609519e-02 -1.035055e-03 -4.658982e-02 -1.528215e+00 +1.923785e+03 +9.385746e+01 -1.067603e+05 +4.407521e+07 -2.514450e+11 -2.948521e+11 -3.050366e+12 -1.526338e+15 +4.885792e+18 +7.726914e+18   -6.114098e-07 -1.049817e-05 +2.829356e-03 -2.112451e-02 -1.088565e+00 -2.589738e+02 -1.179736e+04 +4.542108e+05 -9.798719e+05 +4.049650e+09 +1.857744e+11 -9.897850e+12 -2.382350e+14 +5.262101e+16 -2.944219e+18   
Q20-174   +3.995850e+00   -4.864477e-07 -6.662690e-02 -4.906233e-03 -1.730253e-02 -4.024530e+00 +1.908325e+03 +1.363045e+04 -3.117862e+05 +2.186018e+06 -2.530776e+11 -1.385045e+11 +7.788513e+12 -1.881824e+14 +5.074915e+18 -5.956653e+17   +1.938429e-06 -4.039506e-06 -4.100647e-03 +4.987832e-02 +2.682148e+00 -2.226200e+02 +4.359143e+03 +3.219575e+05 +2.311241e+07 -1.996607e+09 -1.043406e+11 -1.738763e+11 -2.230961e+15 +7.091723e+16 -1.588325e+19   
Q20-175   +3.997950e+00   +1.860721e-06 -6.625453e-02 +9.477044e-04 -5.863147e-03 +2.740042e-01 +1.903302e+03 -1.525483e+02 -2.468382e+05 +3.185745e+07 -2.534999e+11 +3.098893e+10 +1.009705e+13 -3.701279e+14 +5.205513e+18 +4.491259e+17   +1.859498e-06 +9.618162e-06 -4.931993e-03 +1.599128e-02 +2.627604e+00 -6.987801e+01 +8.114088e+03 +4.819280e+05 +4.012219e+07 +1.054169e+09 -5.902500e+10 -3.702790e+12 -3.817311e+14 +1.117776e+17 -6.471417e+18   
Q20-177   +3.998100e+00   +1.089850e-06 -6.594317e-02 -2.186314e-03 -1.214460e-01 -3.571066e+00 +1.909268e+03 +5.552552e+02 +1.889971e+05 +3.069906e+07 -2.513424e+11 -3.929817e+11 -2.123115e+13 -3.534151e+15 +5.221403e+18 -1.561332e+18   -1.363342e-06 +6.381374e-06 +6.944951e-03 -2.153804e-03 -2.197920e+00 -1.028520e+02 -1.635681e+04 +2.454705e+05 +1.812413e+07 +1.371366e+09 -8.034754e+10 +7.433268e+12 +1.476481e+15 -5.249458e+15 -7.827438e+18   
Q20-179   +3.998200e+00   +1.588362e-06 -6.565645e-02 -2.031495e-03 +2.956613e-02 -2.745463e+00 +1.883325e+03 +2.307585e+03 +7.447431e+04 +4.350333e+07 -2.521535e+11 +2.853382e+10 +2.681076e+13 -1.106313e+15 +5.214467e+18 +9.002596e+18   +5.920977e-07 -1.204720e-07 -9.022710e-04 -9.794365e-04 +1.296468e+00 -2.109002e+02 +1.998940e+03 +1.667752e+05 -1.795821e+07 +3.606123e+09 +7.803409e+10 -3.999075e+12 +4.267380e+14 -3.031534e+16 +8.665610e+18   
