# multipoles are divided by excitation current and units are [T], [m] and [A]
# harmonics (dipole n=0): 00 01 02 03 04 05 06 07 08 09 10 11 12 13 14 
# MAG_LABEL   CURRENT[A]   <NORMAL_MULTIPOLES/CURRENT>[T/m^(n-1)/A]   <SKEW_MULTIPOLES/CURRENT>[T/m^(n-1)/A]
Q20-005   +9.996150e+00   +5.383242e-10 -6.056928e-02 -3.649091e-04 -6.510704e-02 -1.163860e+00 +2.239660e+03 -1.585278e+03 +1.335308e+04 -1.183261e+07 -2.393589e+11 +4.965491e+10 -1.297683e+13 +1.352700e+15 +4.756057e+18 +5.208393e+18   +6.006532e-08 -1.535363e-05 +5.487437e-04 +6.563102e-03 -3.866944e-01 -8.574152e+01 +6.872210e+02 -1.793315e+05 +1.005260e+07 +1.048626e+09 -2.125846e+10 -2.105086e+13 -1.020216e+15 +3.315376e+16 +7.015161e+18   
Q20-007   +9.996950e+00   +3.994044e-07 -6.078495e-02 -3.011489e-03 -8.585353e-02 -1.619291e+00 +2.581607e+03 +4.066456e+03 +1.488187e+05 +4.068340e+07 -2.346241e+11 -2.728737e+11 +9.136534e+12 -1.272830e+15 +4.903113e+18 +6.182312e+18   +1.953885e-07 -6.544791e-06 +6.729361e-04 +2.399413e-02 -8.477181e-01 -1.788632e+02 -4.114820e+03 +1.317298e+05 -1.013594e+07 +1.834951e+09 -1.451710e+11 +4.922097e+12 +5.822317e+14 -7.818153e+16 +4.305301e+17   
Q20-009   +9.996350e+00   +7.020729e-07 -6.052392e-02 -7.344985e-04 -1.151296e-01 -5.802398e-01 +2.443764e+03 -1.742380e+03 +3.384018e+05 +1.898126e+07 -2.398668e+11 -1.275907e+11 +9.580440e+11 +9.351887e+14 +4.771694e+18 -1.069051e+17   +1.212334e-06 -1.043415e-05 -2.782968e-03 +1.477183e-02 +2.279470e+00 -1.481117e+02 +8.829724e+03 +2.478851e+05 -1.409223e+07 +4.128999e+09 +3.719925e+10 -2.214806e+11 -3.947901e+14 -1.275995e+17 +5.473324e+18   
Q20-010   +9.995700e+00   +6.298888e-07 -6.050426e-02 -1.805847e-03 -9.907278e-02 -1.703638e+00 +2.366900e+03 +8.639634e+02 +3.740798e+04 +2.301281e+07 -2.383706e+11 +2.053093e+11 -8.501596e+12 +1.284350e+14 +4.822119e+18 -7.599957e+17   +3.855592e-07 -5.915605e-06 -1.245944e-03 +2.255531e-02 +3.195464e+00 -1.413317e+02 -7.091010e+02 -1.961755e+04 +1.148373e+07 +9.697342e+09 +1.500561e+11 +3.131810e+13 +1.043067e+15 +2.621628e+16 +1.161202e+19   
Q20-011   +9.995700e+00   +2.145429e-07 -6.050892e-02 -1.747204e-03 -8.337906e-02 -1.565897e+00 +2.494109e+03 -9.659360e+02 +4.322453e+05 -1.708573e+07 -2.396350e+11 +2.255065e+11 +1.209516e+13 -5.503326e+14 +4.784918e+18 +7.468360e+18   +4.216325e-07 -1.806735e-06 -1.807046e-04 -4.334737e-03 +1.317821e+00 -1.284335e+02 +1.184981e+03 +2.490879e+05 +6.890812e+05 +5.866277e+09 +5.353989e+10 -3.927181e+12 -1.272320e+15 -7.159064e+16 -6.538784e+18   
Q20-012   +9.996500e+00   +1.043768e-06 -6.052237e-02 -5.468305e-05 -1.178418e-01 -7.013907e-01 +2.448150e+03 -2.202087e+03 +3.972139e+05 +3.015791e+07 -2.384791e+11 +8.417809e+10 -8.921657e+12 +4.661858e+14 +4.871598e+18 -3.661156e+18   +8.482695e-07 -2.664784e-05 -2.124794e-03 +7.101545e-04 +2.445060e+00 -1.754899e+02 -7.461925e+02 -1.493881e+05 -1.310597e+07 +3.352230e+09 -5.162129e+10 +5.813455e+12 -1.399541e+15 -8.758650e+16 -1.969288e+18   
Q20-013   +9.995900e+00   +1.132488e-06 -6.050538e-02 +3.414389e-04 -6.786131e-02 -8.199754e-01 +2.398943e+03 +2.473622e+02 -4.755359e+05 -7.299626e+06 -2.428284e+11 +8.267337e+10 -3.476497e+12 +2.428542e+15 +4.660238e+18 +5.994663e+18   +4.305166e-07 -1.997188e-05 -5.927678e-05 +5.341067e-02 +9.334136e-01 -2.778908e+02 -1.276665e+03 +5.904736e+05 +2.331870e+07 +6.752763e+09 +1.675098e+11 +3.197523e+13 +1.567923e+13 -1.262322e+16 +3.388978e+17   
Q20-014   +9.996050e+00   +6.371121e-07 -6.054705e-02 -2.443511e-04 -7.987154e-02 +5.830969e-01 +2.441442e+03 -4.972881e+03 -4.008667e+04 +4.018546e+07 -2.368022e+11 +3.113625e+11 +1.911300e+13 -8.108803e+13 +4.977780e+18 +4.866569e+18   +1.832238e-07 -2.855410e-05 +6.688972e-05 +5.046243e-02 -7.641974e-01 -1.657415e+02 -2.465411e+03 +2.248259e+05 +6.891565e+06 +5.470751e+09 +6.909166e+10 -2.986682e+13 +8.252083e+14 +1.882451e+16 +4.104135e+18   
Q20-015   +9.996050e+00   +7.485093e-07 -6.052450e-02 -1.645700e-03 -1.030880e-01 -5.299318e-01 +2.434500e+03 +4.521944e+03 +2.588965e+05 +2.626697e+07 -2.403149e+11 -4.237690e+10 -1.146094e+13 +1.677880e+14 +4.618067e+18 +6.284830e+18   +2.764075e-07 -6.361230e-06 -6.631960e-04 +1.172822e-02 +3.061900e-02 -1.793365e+02 -3.744359e+03 +1.067633e+05 -2.519037e+07 +7.066149e+09 -1.442445e+11 -7.553084e+12 +3.816145e+14 -2.587792e+17 -3.215648e+18   
Q20-016   +9.996450e+00   +1.084232e-07 -6.051958e-02 -2.961775e-03 -5.965673e-02 -1.343435e+00 +2.404966e+03 +6.924583e+03 -8.139505e+04 -7.545382e+06 -2.362393e+11 -1.179067e+11 +7.571137e+12 +2.899687e+14 +4.782808e+18 +4.839317e+18   +4.939160e-07 -1.970394e-05 -3.441550e-04 +9.137523e-03 +5.624154e-01 -2.682555e+02 +1.327929e+03 +1.446630e+05 -1.539720e+07 +7.896213e+09 +1.657327e+11 -1.642826e+13 -1.067426e+15 -2.246270e+17 -4.955275e+18   
Q20-021   +9.996250e+00   +1.456199e-06 -6.054825e-02 +1.607788e-04 -7.747250e-02 -7.454898e-01 +2.379584e+03 -3.215790e+03 +2.390013e+05 +3.632757e+07 -2.384363e+11 +1.428554e+11 -5.195951e+12 -6.121883e+14 +4.793432e+18 +1.573511e+18   +8.421769e-07 -7.774501e-09 -1.408168e-03 +3.366389e-02 +2.360507e+00 -1.678022e+02 +1.880246e+03 -3.994746e+04 +3.147789e+07 +1.007649e+10 +1.844544e+10 -1.096108e+13 -9.087280e+14 -1.807986e+17 -1.695407e+18   
Q20-022   +9.996100e+00   +1.241601e-06 -6.049882e-02 +1.390458e-03 -9.109318e-02 +2.150764e-01 +2.394303e+03 -4.531955e+03 -2.376254e+05 -5.313676e+06 -2.368912e+11 -2.272593e+10 -1.387874e+12 -3.335023e+14 +4.753485e+18 +1.159796e+19   +2.993315e-08 -1.120947e-05 +1.036620e-03 +1.792649e-03 -1.376922e-01 -2.651966e+02 +6.933492e+02 -6.192631e+05 +2.219616e+07 +1.505503e+09 +2.750408e+11 -3.330489e+13 +1.546536e+14 +1.295984e+16 +9.358963e+18   
Q20-023   +9.996100e+00   +4.377960e-07 -6.049622e-02 -2.123904e-03 -5.338252e-02 -4.325537e-01 +2.534927e+03 +1.002514e+03 +3.879585e+04 +2.920217e+07 -2.375328e+11 +2.179251e+10 +7.949529e+12 +1.946374e+14 +4.910982e+18 -5.328234e+18   +6.708554e-07 -1.222171e-05 -8.178896e-04 +2.327395e-02 +2.112875e+00 -2.658727e+02 -2.635981e+03 -2.875351e+05 -1.124666e+07 +4.477929e+09 -1.367203e+10 -1.293065e+13 -9.948345e+14 -2.596752e+16 +5.904589e+18   
Q20-026   +9.996400e+00   +9.057088e-07 -6.051920e-02 -1.177774e-03 -3.187376e-02 -4.169477e-01 +2.385329e+03 -1.444194e+03 +1.692307e+05 +4.450003e+07 -2.400795e+11 -1.583223e+11 -1.428163e+13 -9.904616e+14 +4.684947e+18 +1.506986e+19   +7.640742e-07 -1.828738e-05 -7.959397e-04 -6.434648e-03 -6.875893e-01 -1.609672e+02 -3.174645e+03 -1.078442e+05 +2.230810e+07 +1.528037e+09 -1.435787e+11 +1.202582e+13 +8.675170e+14 -2.800842e+17 -3.719886e+18   
Q20-027   +9.996700e+00   +1.375140e-06 -6.053619e-02 +3.846893e-04 -7.808110e-02 +3.389214e-02 +2.408674e+03 -2.742548e+03 -1.018706e+05 +5.086729e+07 -2.378501e+11 +8.932986e+10 +5.208365e+12 -6.611285e+14 +4.762768e+18 -5.199094e+18   +6.843294e-07 -2.124903e-05 -1.260606e-03 +1.175916e-02 +1.727451e+00 -2.077343e+02 +2.125499e+03 +6.117950e+04 +2.913096e+07 +3.645668e+09 +5.740767e+10 -4.978835e+12 +6.347951e+13 -1.470977e+17 +2.095767e+18   
Q20-028   +9.997600e+00   +4.073265e-07 -6.056373e-02 -1.487452e-03 -8.627329e-02 +2.333467e+00 +2.350220e+03 +2.844176e+03 -1.060406e+06 +1.039029e+08 -2.458097e+11 +2.515926e+10 +3.014719e+13 -3.295769e+15 +4.684008e+18 +1.973458e+19   +6.770129e-07 -1.905512e-05 -1.150097e-03 +5.684097e-03 +1.860193e-01 -1.541140e+02 +8.956561e+03 -1.265744e+06 +9.198656e+07 +1.950030e+08 -3.039597e+11 -1.790029e+13 +4.198554e+15 -4.616140e+17 -7.198447e+18   
Q20-033   +9.996100e+00   +1.408537e-06 -6.055362e-02 +3.124885e-04 -8.373941e-02 -2.495484e-01 +2.442644e+03 -5.955772e+03 -2.223934e+04 +2.472118e+07 -2.375348e+11 -6.631708e+10 +7.303695e+12 -1.046614e+15 +4.916601e+18 +1.879122e+18   +6.977596e-07 -1.458312e-05 -1.297365e-03 +1.988725e-02 +1.229739e+00 -1.029613e+02 +1.260622e+03 -6.833779e+04 +2.567162e+07 +4.722381e+09 +1.462877e+11 +1.736493e+12 -1.767621e+15 +1.095505e+16 -1.966275e+18   
Q20-034   +9.996300e+00   +3.201743e-07 -6.050539e-02 -2.081024e-03 -8.567068e-02 -1.280695e+00 +2.420512e+03 +1.396160e+03 -2.508540e+04 +2.939381e+06 -2.353672e+11 +1.434130e+11 +8.858906e+11 -1.139244e+15 +4.781030e+18 +8.750218e+18   -2.611486e-07 -2.333551e-05 +4.354701e-04 +1.692669e-02 +1.197758e+00 -1.323007e+02 -4.054587e+03 -1.183003e+05 -7.333091e+05 +2.340491e+09 +4.356199e+10 -3.292073e+12 -6.548850e+14 -7.678184e+15 +7.896361e+18   
Q20-035   +9.996250e+00   +1.466344e-06 -6.056994e-02 +4.643291e-05 -4.498361e-02 -3.539021e-01 +2.428558e+03 -2.715552e+03 -4.526897e+04 +2.789321e+07 -2.398839e+11 -1.229492e+11 +2.116845e+12 -5.468495e+14 +4.865347e+18 +2.467799e+18   +8.447573e-07 -1.879898e-05 -1.662303e-03 +4.105170e-02 +1.208861e+00 -8.609087e+01 +4.430155e+03 +1.905260e+05 +2.472302e+07 +3.973329e+09 +8.711570e+10 +1.286509e+12 +5.020113e+13 -9.578628e+16 -3.829109e+18   
Q20-036   +9.996250e+00   +1.093545e-06 -6.055317e-02 -1.222602e-04 -6.548276e-02 -6.003870e-01 +2.426089e+03 -5.851603e+03 +3.713250e+05 +4.889655e+06 -2.374617e+11 -8.226247e+10 -1.090057e+13 -1.456968e+15 +4.814176e+18 -4.031057e+18   +9.647937e-07 -2.478973e-05 -1.341639e-03 +3.448001e-02 +1.422208e+00 -1.434310e+02 -3.369312e+03 +7.004233e+04 +2.509356e+07 +5.704094e+09 -9.268589e+10 -1.147869e+13 +7.061065e+14 -1.084144e+17 +4.075979e+18   
Q20-038   +9.996050e+00   +1.111873e-06 -6.050145e-02 -1.037622e-03 -1.129187e-01 -8.504619e-01 +2.442695e+03 -2.939143e+03 +3.147746e+05 +2.004118e+07 -2.377098e+11 -3.308590e+10 +3.263251e+11 -2.863248e+14 +4.787502e+18 -3.388488e+18   +1.155670e-06 -2.637143e-05 -2.349851e-03 +2.869103e-02 +1.105335e+00 -1.407876e+02 +9.004690e+03 -3.431702e+05 -7.204836e+06 +8.533044e+07 -1.634083e+10 -2.630587e+13 -3.482098e+14 -7.512155e+16 +5.816863e+18   
Q20-039   +9.996150e+00   +1.354749e-06 -6.054221e-02 -8.732811e-04 -4.963138e-02 -2.102564e-01 +2.387697e+03 -2.592557e+03 -1.736320e+05 +4.724485e+07 -2.367642e+11 +3.756762e+10 +3.843921e+12 -2.501593e+14 +4.855626e+18 -2.196444e+18   +3.526681e-07 -8.616234e-06 -1.897674e-04 +3.685692e-02 +1.292430e+00 -1.025601e+02 +2.642732e+03 +4.862614e+04 +3.574025e+07 +1.931971e+09 +5.756406e+10 -8.254860e+12 +9.514482e+14 +9.558413e+15 -5.287236e+18   
Q20-041   +9.996350e+00   +1.096893e-06 -6.052533e-02 -1.194826e-03 -6.987738e-02 -1.109397e+00 +2.385297e+03 +2.606560e+02 +1.765760e+05 +4.132999e+06 -2.390796e+11 -1.118856e+11 -2.200752e+13 -1.321137e+15 +4.620342e+18 -7.253335e+18   +6.400147e-07 -2.464522e-06 -7.088383e-04 +1.291368e-02 +1.653907e+00 -2.125959e+02 -1.186747e+03 +9.022268e+04 +1.394911e+07 +7.287233e+09 -1.146109e+11 +1.531140e+13 -2.467633e+15 -1.752458e+17 +6.618674e+18   
Q20-044   +9.996100e+00   +1.295763e-06 -6.054456e-02 -9.705108e-04 -9.130033e-02 -1.394778e+00 +2.427215e+03 +1.247013e+02 -2.085560e+04 +3.864413e+07 -2.359243e+11 -1.159780e+11 -2.102643e+13 -8.379271e+14 +4.836381e+18 -5.731172e+18   +3.452485e-07 -1.785741e-05 -4.241899e-04 +5.683856e-03 +1.643385e+00 -2.020556e+02 +1.391346e+03 -1.279588e+05 +3.465032e+06 +4.470238e+09 +8.033858e+10 -1.607861e+12 -9.787282e+13 -1.281647e+17 +3.789780e+18   
Q20-045   +9.996450e+00   +1.168281e-06 -6.054684e-02 -1.257877e-03 -4.918666e-02 -9.973141e-01 +2.396299e+03 +4.162356e+02 -6.577110e+04 +4.683039e+07 -2.379476e+11 +1.100712e+11 +5.627488e+12 -3.756432e+14 +4.864044e+18 +5.462579e+18   +5.973168e-07 -6.997019e-06 -1.059940e-03 +3.971779e-02 +6.595929e-01 -1.763053e+02 -9.544434e+02 -2.518022e+05 +3.888160e+06 +5.249396e+09 +1.393301e+11 -1.627979e+13 -1.535742e+15 -1.031182e+17 +6.144324e+17   
Q20-048   +9.996250e+00   +5.065826e-07 -6.058874e-02 -1.204615e-03 -1.717542e-02 +2.510537e-01 +2.380498e+03 +2.399107e+03 +3.271871e+04 +8.357933e+06 -2.351118e+11 -1.155556e+11 +2.709699e+12 -3.580131e+14 +4.748834e+18 +2.932435e+18   +6.944825e-07 -8.037210e-06 -6.544133e-04 +4.350191e-03 -5.043856e-01 -1.011668e+02 +8.226386e+02 +4.556918e+04 +2.510503e+07 -1.174403e+08 +1.295513e+10 -2.214405e+12 -1.059264e+15 +8.026232e+16 -8.514054e+17   
Q20-049   +9.996200e+00   +7.590869e-07 -6.056058e-02 -1.560539e-03 -7.186296e-02 +6.007332e-02 +2.390037e+03 -1.803971e+03 +6.102748e+05 +7.583901e+06 -2.353284e+11 +1.551366e+11 +2.115299e+13 +2.264757e+14 +4.778003e+18 +7.112863e+18   +6.810333e-07 -1.560912e-05 -1.446176e-03 +1.727911e-02 +1.962042e+00 -1.731027e+02 -3.853103e+03 +6.175036e+05 +3.540495e+07 -2.891849e+09 -6.637246e+10 +2.445379e+12 -1.635061e+15 -1.816900e+17 -3.311078e+18   
Q20-051   +9.996100e+00   +1.113093e-06 -6.053639e-02 -3.252090e-04 -4.672724e-02 +2.241148e-01 +2.476245e+03 -2.480567e+03 +1.111660e+05 +1.711470e+07 -2.341267e+11 -5.118337e+10 +6.041730e+12 -3.446819e+14 +4.746419e+18 -1.328478e+18   +6.395111e-07 -1.743450e-05 -4.489881e-04 +7.073011e-03 +1.104884e+00 -1.152375e+02 +4.800902e+02 +4.549611e+05 +1.872929e+07 +4.203724e+09 +1.073512e+11 +1.216802e+13 -4.473065e+14 +3.851139e+16 -1.546082e+17   
Q20-053   +9.996600e+00   +1.509406e-06 -6.053138e-02 -2.598073e-04 -9.771760e-02 +6.025604e-01 +2.380150e+03 -2.843816e+03 +3.590189e+05 +3.828758e+07 -2.353515e+11 +4.299190e+10 -5.594986e+12 -1.073048e+15 +4.698653e+18 -2.412270e+18   +2.502296e-07 -2.109152e-05 -8.243715e-04 +1.553025e-02 +2.668654e+00 -1.310271e+02 +3.792893e+03 +3.485342e+05 -7.233674e+06 +2.798308e+09 -3.530345e+09 -5.916406e+12 -4.192837e+14 -1.193857e+17 +4.874439e+18   
Q20-055   +9.996450e+00   +1.078094e-06 -6.052475e-02 -6.743774e-04 -2.202027e-02 -3.582710e-01 +2.419560e+03 -5.727280e+02 -4.762973e+04 +3.939978e+07 -2.356230e+11 -2.315048e+10 +2.592390e+12 -9.738714e+14 +4.843659e+18 +2.095170e+18   +9.969540e-08 -1.231390e-05 +9.404553e-04 -1.394924e-03 -1.248360e-01 -1.534859e+02 -4.935731e+03 +1.603875e+05 +2.174431e+07 +3.483132e+09 +1.775130e+11 -2.689783e+12 -1.775760e+14 +1.107500e+16 -3.113301e+18   
Q20-057   +9.996550e+00   +6.898182e-07 -6.053101e-02 -2.244329e-03 -6.076644e-02 -1.647642e+00 +2.423310e+03 +1.526470e+03 +1.291525e+05 +3.924126e+07 -2.350071e+11 -1.741215e+11 +1.131948e+13 -6.014573e+14 +4.782467e+18 +2.040831e+18   +1.051357e-06 -1.037200e-05 -1.622347e-03 +1.098267e-02 +2.573420e+00 -8.412524e+01 +3.753737e+03 +6.708715e+05 +7.661344e+06 +1.061961e+08 -3.249039e+10 +4.866441e+12 +1.966611e+14 +1.126083e+17 -3.888506e+18   
Q20-061   +9.995850e+00   +1.287924e-06 -6.067131e-02 +1.269059e-03 -5.294250e-02 +9.952468e-01 +2.439996e+03 -7.177956e+03 -2.898899e+04 +1.947472e+07 -2.357924e+11 +5.698261e+08 +1.001053e+13 -3.821842e+14 +4.927461e+18 -2.875531e+18   +7.477005e-07 +1.785621e-05 -1.740357e-03 +3.140685e-03 +1.122081e+00 -2.907706e+02 +3.886963e+03 +1.566662e+05 +2.459846e+06 +9.349000e+09 +9.905297e+09 +2.717844e+12 -4.867249e+14 -1.702506e+17 +7.725949e+18   
Q20-063   +9.996200e+00   +9.240398e-07 -6.069470e-02 +1.014700e-03 -6.317424e-02 +1.221604e+00 +2.429581e+03 -5.619351e+03 +2.839041e+05 -9.975503e+06 -2.347527e+11 +8.874358e+10 +1.123836e+13 +2.962154e+14 +4.795107e+18 +6.314598e+17   +7.911946e-07 -1.321323e-05 -1.597374e-03 -4.979188e-03 +1.454447e+00 -1.671389e+02 +2.624761e+03 +9.796399e+04 +1.132022e+07 +1.539419e+09 -3.102915e+10 -1.486871e+13 -1.498007e+15 +1.022550e+16 -2.425701e+18   
Q20-065   +9.996150e+00   +9.051726e-07 -6.060045e-02 -1.505594e-03 -4.852917e-02 -1.728671e+00 +2.404800e+03 +8.427870e+02 -1.641922e+04 +2.196217e+07 -2.336232e+11 -1.648321e+11 -3.595099e+12 -1.632166e+14 +4.788840e+18 +1.417389e+18   +8.025367e-07 -1.955814e-05 -1.366433e-03 +1.811784e-02 +9.573751e-01 -1.717958e+02 +1.605814e+02 -2.105682e+05 +3.234178e+07 +7.795491e+08 -2.363552e+10 -1.113372e+12 -1.302235e+14 -1.792616e+16 -6.653190e+18   
Q20-066   +9.994450e+00   +9.754623e-07 -6.053070e-02 -1.336565e-03 +5.946070e-03 -2.848569e-01 +2.371173e+03 +5.636393e+03 -2.359370e+05 +3.782974e+07 -2.325916e+11 -1.728240e+11 +1.842561e+13 +8.281577e+14 +4.917289e+18 -3.097259e+17   +5.349286e-07 -1.063363e-05 -3.062626e-06 +2.143102e-02 +5.341679e-01 -2.206830e+02 -1.725792e+03 +1.643704e+04 +2.078460e+07 +3.146172e+09 +2.443517e+10 -1.735912e+13 -1.771910e+15 -1.955369e+16 -5.964067e+18   
Q20-068   +9.996400e+00   +7.691553e-07 -6.082488e-02 -2.139742e-03 -4.175105e-02 +5.435861e-02 +2.484416e+03 +4.145140e+03 -1.744861e+05 +1.303915e+07 -2.343503e+11 +3.627765e+11 -1.532820e+13 -2.470370e+15 +4.737654e+18 -2.944711e+18   +1.555593e-07 -1.650775e-05 +5.504952e-04 +6.375313e-03 +3.644957e-02 -2.871403e+02 -2.281446e+03 +4.257397e+04 +3.318856e+07 +6.664583e+09 +4.186645e+10 -2.003958e+13 +1.681262e+15 -5.656427e+16 +7.223649e+17   
Q20-069   +9.995750e+00   +2.225341e-08 -6.059486e-02 -1.477346e-03 -1.178357e-01 -1.237924e+00 +2.436614e+03 +9.900614e+03 +3.159146e+05 -3.427011e+07 -2.378729e+11 +2.153949e+11 -3.433640e+12 -1.057227e+15 +4.724026e+18 +1.898332e+19   +6.092233e-07 +2.473584e-05 -1.049638e-03 +1.590840e-02 +9.904988e-01 -2.336625e+02 -1.156143e+03 -5.489860e+04 +2.256739e+07 +3.151855e+09 +1.296345e+11 +7.919768e+12 +2.187627e+15 -2.987749e+16 -7.363425e+18   
Q20-071   +9.995800e+00   +8.701382e-07 -6.064236e-02 -9.645141e-04 -8.234034e-02 -6.009707e-01 +2.450048e+03 +3.572904e+02 +3.020631e+05 +2.229373e+07 -2.361708e+11 -3.343105e+10 -5.996732e+12 -2.654553e+14 +4.785794e+18 +3.153248e+18   +5.882885e-07 +8.434556e-06 +8.177547e-04 +1.376193e-02 -1.856458e+00 -1.795583e+02 -3.519544e+03 +5.725046e+04 +3.898742e+07 +2.925288e+09 +9.330569e+10 +6.266530e+12 +1.844312e+14 -7.047615e+16 -1.069311e+19   
Q20-073   +9.995800e+00   +1.475913e-06 -6.063021e-02 -1.059646e-04 -8.461603e-02 +2.869478e-01 +2.461057e+03 -4.484339e+03 +8.867350e+04 +4.829984e+07 -2.391563e+11 -3.310202e+11 -1.772296e+13 +1.496614e+14 +4.930674e+18 +3.499544e+18   +7.101530e-07 +2.980315e-05 -6.259729e-04 +1.594031e-02 -1.660932e-01 -1.434700e+02 +1.218509e+04 +7.848037e+03 +2.079617e+07 +7.368020e+09 +2.811685e+11 +1.431117e+13 -2.799506e+15 -1.505447e+17 +7.765862e+18   
Q20-074   +9.995900e+00   +1.028177e-06 -6.064550e-02 -1.202577e-03 -7.160942e-02 -5.556039e-01 +2.383778e+03 -1.218699e+03 +1.899035e+05 +2.088827e+07 -2.381248e+11 +8.899199e+10 -1.208272e+13 -1.270024e+15 +4.808104e+18 +6.252738e+18   +7.671378e-07 +4.719778e-06 -6.020377e-04 +1.593608e-02 -5.311338e-02 -1.985636e+02 +4.884999e+03 -1.565651e+05 +1.904031e+07 +2.477569e+09 -2.507656e+10 +4.816366e+12 -5.156638e+14 -1.378561e+17 +2.492743e+18   
Q20-076   +9.996000e+00   +1.163635e-06 -6.061841e-02 -1.158794e-03 -3.453244e-02 -7.536058e-01 +2.384347e+03 -3.935191e+02 +1.252424e+05 +4.456193e+07 -2.364523e+11 +1.854487e+11 +1.494136e+13 -3.348099e+14 +4.747046e+18 +4.114335e+18   -5.613641e-08 +1.939206e-05 -3.533749e-05 +3.093625e-02 +3.465607e-01 -3.405267e+02 -1.297707e+03 +6.059826e+04 -1.884158e+07 +4.391725e+09 -3.221121e+11 -3.047356e+13 -3.254423e+13 -3.884155e+17 -8.184177e+16   
Q20-077   +9.996050e+00   +6.079825e-07 -6.058948e-02 -6.551199e-04 -5.920068e-02 -1.900518e+00 +2.364730e+03 -2.952024e+03 -1.015657e+05 +2.304521e+06 -2.365284e+11 +7.733988e+10 +1.907367e+12 -1.166279e+15 +4.925181e+18 +1.799534e+18   +5.377941e-07 -1.087028e-05 -8.185316e-04 +2.898359e-02 +1.449780e+00 -1.865416e+02 +3.184256e+02 -3.072730e+03 -3.565090e+06 +2.687872e+09 -3.704438e+10 +4.668533e+12 +1.817671e+14 +1.331119e+16 +7.875125e+17   
Q20-078   +9.996100e+00   +1.432791e-06 -6.063088e-02 +4.833917e-04 -7.528071e-02 +1.262469e+00 +2.404057e+03 -3.143934e+03 -2.650139e+05 +3.994366e+07 -2.348918e+11 -9.010269e+10 +1.252667e+13 +1.035137e+15 +4.629742e+18 +2.686713e+18   +9.688138e-07 -9.368657e-06 -1.821931e-03 +2.282130e-02 +5.860141e-01 -2.667980e+02 +3.463212e+03 +2.617004e+04 -1.670008e+07 +7.078704e+09 -2.259401e+11 -2.687238e+13 +7.549140e+14 -4.304446e+15 -3.782662e+18   
Q20-080   +9.996100e+00   +1.188961e-06 -6.054547e-02 -1.080859e-04 -8.095126e-02 -6.848063e-01 +2.414673e+03 -6.868029e+03 +1.322230e+05 +8.360381e+06 -2.412672e+11 -2.182433e+11 +2.171996e+13 -1.915903e+15 +4.781359e+18 -8.341083e+18   +3.949342e-07 +1.121573e-05 -1.199872e-03 +5.717018e-03 +1.128909e+00 -1.799644e+02 +1.801901e+03 -3.602865e+04 -7.249614e+07 +3.565043e+09 +2.104520e+11 -1.612960e+13 -1.174578e+15 -8.022007e+16 +9.534108e+18   
Q20-081   +9.995850e+00   +1.245922e-06 -6.054906e-02 +3.677059e-04 -5.658642e-02 -3.798148e-01 +2.360698e+03 -1.633424e+03 -2.983393e+03 +4.823860e+07 -2.365765e+11 -2.021274e+11 -8.234997e+12 -9.645992e+14 +4.851052e+18 +1.261644e+19   +8.219229e-07 +5.402529e-06 -2.433692e-03 +1.721085e-02 +1.994746e+00 -2.648758e+02 +1.679501e+03 -6.045861e+04 -2.504716e+07 +9.175668e+09 -1.599396e+11 +2.527673e+12 +3.466583e+14 -2.897350e+17 +1.005742e+18   
Q20-082   +9.995850e+00   +6.408374e-07 -6.061337e-02 -1.426684e-04 -5.804366e-02 +7.755763e-01 +2.326985e+03 +1.679631e+03 +2.664411e+03 -1.921114e+07 -2.403678e+11 +2.590262e+11 -4.210149e+13 -1.602181e+15 +4.733567e+18 +1.773715e+19   +2.055038e-07 +5.582246e-06 -1.087604e-03 +2.857508e-02 +1.601573e+00 -1.947257e+02 +7.778369e+03 +1.135120e+05 +1.516819e+07 +2.880679e+09 -2.537849e+11 -3.485154e+13 +1.659322e+15 -9.701287e+16 -6.455304e+17   
Q20-083   +9.994250e+00   +9.586012e-07 -6.061976e-02 +8.528988e-04 -3.778397e-02 +6.995127e-02 +2.327684e+03 -6.534332e+03 +3.041308e+05 -1.471508e+07 -2.370000e+11 +1.320114e+11 +1.049793e+13 +1.770254e+14 +4.781472e+18 +1.370493e+19   +7.357110e-07 -1.969369e-05 -1.651820e-03 +2.031244e-02 +1.691382e+00 -1.813737e+02 +3.626918e+03 -3.091764e+05 -4.838763e+05 +1.843050e+09 -1.454717e+11 -7.868836e+12 +5.905629e+13 -2.195032e+16 +4.362254e+18   
Q20-086   +9.996500e+00   +9.402008e-07 -6.069149e-02 -4.715331e-04 -6.060244e-02 +8.975491e-02 +2.398680e+03 +2.250716e+03 +1.040415e+04 +1.843069e+07 -2.367797e+11 +5.620370e+10 -2.674382e+12 -4.898665e+14 +4.927837e+18 +1.071583e+18   +7.611898e-08 -5.455603e-06 +3.559202e-04 +1.642284e-02 +2.274967e-01 -1.288901e+02 -2.741971e+03 +3.189730e+05 +1.310296e+07 +2.258179e+09 -4.151275e+10 +8.076102e+12 -8.258118e+14 -7.492331e+16 -6.806465e+17   
Q20-087   +9.996200e+00   +8.724912e-07 -6.047892e-02 -1.287826e-03 -6.034951e-02 +1.351859e-01 +2.278736e+03 +1.909886e+03 -2.714071e+04 +2.039042e+07 -2.344251e+11 +2.178675e+11 -4.266733e+12 -2.369985e+15 +4.692550e+18 -6.562141e+18   +6.223183e-07 -1.916426e-05 -1.826204e-03 +1.564957e-02 +2.737340e+00 -1.200474e+02 +1.626757e+03 +6.856645e+04 -2.908638e+07 +2.478164e+08 -8.362477e+09 -2.880085e+13 +5.598749e+14 +3.992237e+16 -9.325204e+18   
Q20-088   +9.996050e+00   +1.658217e-06 -6.052653e-02 +5.626399e-04 -2.034139e-02 -1.218913e-02 +2.397049e+03 -4.316759e+03 +1.106542e+05 +3.093969e+07 -2.332732e+11 -1.308201e+11 +9.732196e+12 -9.443366e+14 +4.653827e+18 +6.494173e+18   +1.022668e-06 -2.101672e-05 -2.856238e-03 +3.943950e-02 +3.340395e+00 -2.130638e+02 +7.723537e+03 -3.557532e+05 +5.019416e+06 +4.802980e+09 -1.162596e+11 +2.906812e+12 -3.269029e+14 +1.190916e+16 +3.766353e+18   
Q20-090   +9.994650e+00   +6.823175e-07 -6.058348e-02 -1.620587e-03 +2.024600e-02 -8.181669e-01 +2.360148e+03 +1.080457e+03 -2.872591e+05 +4.923229e+07 -2.346286e+11 +1.084467e+11 +1.521803e+13 -1.946239e+14 +4.867985e+18 -4.240664e+18   +2.814793e-08 -1.002006e-05 +3.580980e-04 +1.095247e-02 +6.730316e-01 -1.911630e+02 -4.014167e+03 +4.519483e+03 +1.314464e+07 -4.912757e+08 +1.840197e+11 -3.486199e+12 -5.853962e+14 +3.859248e+16 -2.724024e+18   
Q20-091   +9.994350e+00   +1.227940e-07 -6.066149e-02 -7.414466e-04 -4.332432e-02 -3.487172e-02 +2.319797e+03 -1.588860e+03 +2.248136e+05 -2.389740e+06 -2.346928e+11 -1.028145e+11 +1.616723e+12 -3.689536e+13 +4.779040e+18 -2.183261e+18   +6.028477e-07 -3.288144e-06 -1.932615e-03 +5.129556e-03 +1.340562e+00 -2.215259e+02 +4.417869e+03 -1.429306e+05 -2.143309e+07 +4.324679e+09 -5.666053e+10 -1.529534e+13 +1.239515e+15 -1.016502e+16 +1.141071e+18   
Q20-092   +9.996100e+00   +8.798139e-07 -6.055342e-02 -1.970032e-04 -7.078461e-02 -5.844215e-01 +2.406466e+03 -2.721600e+02 -4.839076e+04 +1.487314e+07 -2.369619e+11 -1.577257e+11 +5.372011e+12 -7.497583e+14 +4.760018e+18 -9.897408e+17   +7.446281e-07 -1.804620e-05 -1.868289e-03 +1.104936e-02 +2.197644e+00 -1.042030e+02 +6.890823e+03 +3.024212e+05 +1.880390e+07 +7.028618e+08 +2.516025e+11 -2.870022e+13 -7.954170e+14 +1.014770e+17 +9.347357e+18   
Q20-094   +9.994650e+00   +1.607124e-06 -6.054026e-02 +4.815663e-04 -4.512772e-02 +1.086994e+00 +2.421193e+03 -6.745312e+03 -2.904720e+05 +4.055604e+07 -2.334565e+11 +2.187766e+10 +1.735012e+12 +1.467565e+15 +4.744405e+18 -2.698780e+18   +7.297593e-07 -1.003874e-05 -1.466449e-03 +2.274497e-02 +2.028241e+00 -1.995825e+02 -1.216666e+02 +3.219637e+04 +1.688197e+07 +5.006120e+09 -6.012859e+10 -1.047100e+13 -1.493608e+15 -1.219032e+17 -1.192087e+17   
Q20-098   +9.996550e+00   +6.980058e-07 -6.049632e-02 -1.285979e-03 -5.028600e-02 -9.058496e-01 +2.380144e+03 +5.082689e+03 -4.199073e+05 -4.946669e+07 -2.355245e+11 +2.511187e+11 -5.814461e+12 -1.947407e+15 +4.929748e+18 +2.646499e+18   +5.858125e-07 -1.182315e-05 -1.284790e-03 +4.421436e-03 +6.061566e-01 -2.138475e+02 +1.066562e+03 +7.998302e+04 +3.731828e+07 -7.589879e+08 -7.338951e+10 -6.297969e+11 -1.561713e+14 +4.798394e+16 -7.790800e+18   
Q20-102   +9.995850e+00   +8.452205e-07 -6.049686e-02 -6.131351e-04 -4.881130e-02 -6.421186e-01 +2.260368e+03 +2.329236e+03 +2.524332e+05 +3.866235e+07 -2.364172e+11 +3.882274e+11 -8.006462e+12 -1.089973e+15 +4.802477e+18 +2.418662e+18   +3.739479e-07 +2.359236e-05 -4.328165e-04 +1.946910e-02 +8.858985e-01 -3.183729e+02 +1.120173e+03 +1.694505e+05 +4.979873e+07 +7.815822e+09 -2.091640e+11 +1.781740e+13 +1.629882e+14 -2.130379e+17 +6.762085e+18   
Q20-106   +9.997300e+00   +1.020706e-06 -6.097795e-02 +8.263225e-04 -5.278685e-02 -1.408386e-01 +2.382619e+03 -9.479485e+03 +3.852420e+05 +7.528805e+06 -2.392502e+11 -9.640927e+10 +1.867080e+13 +3.484722e+14 +4.889353e+18 -4.551928e+18   +1.259483e-06 -6.256149e-06 -3.619456e-03 +2.316730e-02 +1.666756e+00 -2.151980e+02 +9.157954e+03 +4.025607e+04 +2.033133e+07 +3.369614e+09 +2.897945e+10 -9.542703e+12 +1.744143e+15 +1.095312e+16 +2.227166e+18   
Q20-115   +9.994700e+00   +1.103472e-06 -6.049825e-02 +2.013056e-05 -3.431154e-02 +1.862730e-01 +2.341025e+03 -1.234548e+03 -4.007948e+05 -5.200099e+07 -2.347184e+11 +6.195174e+10 +5.342221e+13 -2.514501e+15 +4.434139e+18 -2.234788e+18   +6.507763e-07 -1.737976e-05 -9.796687e-04 +4.456243e-03 +2.408077e+00 -1.758224e+02 -8.237355e+03 -8.218987e+04 +1.503020e+07 +3.482183e+09 -1.406804e+11 -2.432016e+13 -2.477114e+15 +2.236753e+16 -3.838221e+18   
Q20-118   +9.994650e+00   +7.651394e-07 -6.047216e-02 -1.583249e-03 -2.225868e-02 -1.105242e+00 +2.418209e+03 -5.869218e+02 +2.153238e+05 -1.287716e+06 -2.346483e+11 +1.028847e+11 +1.421115e+13 +2.958955e+14 +4.753012e+18 +9.450828e+17   +6.726801e-07 -2.157452e-05 -1.032622e-03 +2.050676e-02 +2.178188e+00 -1.705283e+02 +2.340257e+03 -8.497490e+04 +6.900677e+06 +1.052186e+09 -1.385223e+11 -1.074759e+13 +1.306015e+15 +5.356662e+16 -1.220477e+18   
Q20-120   +9.994300e+00   +5.518705e-07 -6.053332e-02 -1.280083e-03 -5.109127e-03 -1.299100e+00 +2.365826e+03 +1.100490e+03 -1.837224e+05 +2.502866e+07 -2.331152e+11 -2.273298e+11 +6.167383e+12 -2.517463e+15 +4.625331e+18 +1.427197e+19   +3.548459e-07 -1.572462e-05 -1.019627e-03 +8.323683e-04 +1.546988e+00 -2.007978e+02 +2.307197e+03 -7.144567e+04 -6.042381e+06 +2.830509e+09 +9.249580e+10 -1.578258e+10 -2.795584e+14 +8.587376e+16 +1.112200e+19   
Q20-121   +9.995550e+00   +3.968661e-07 -6.054003e-02 -1.059883e-03 -3.917647e-02 -9.356722e-01 +2.335054e+03 +4.130668e+03 +4.482169e+05 +7.640594e+07 -2.363888e+11 -6.041613e+10 -1.369557e+12 +6.221367e+15 +4.761686e+18 +3.787797e+18   +9.871110e-07 -1.624068e-05 -1.229080e-03 +9.716500e-03 +2.411841e+00 -2.927470e+02 -1.129659e+03 +6.778066e+05 +3.909717e+07 +6.904311e+09 -1.753477e+11 +1.041184e+13 +2.490581e+14 -2.796399e+17 -1.081743e+19   
Q20-123   +9.996000e+00   +1.083802e-06 -6.044920e-02 -6.369973e-04 -2.334054e-02 +5.431525e-01 +2.498113e+03 -8.102938e+03 -6.130067e+05 +6.588162e+07 -2.376374e+11 +8.082451e+10 +5.134540e+12 -1.163006e+15 +4.594642e+18 +1.099051e+19   +1.483187e-07 -1.278324e-05 -2.193486e-05 +2.222835e-02 +2.078121e+00 -1.384008e+02 +1.176917e+03 +4.061922e+05 +2.042722e+07 +2.400054e+09 -2.255659e+11 -9.950639e+12 +1.905844e+15 +1.401366e+17 -3.563193e+17   
Q20-129   +9.995950e+00   +1.088657e-06 -6.057522e-02 -3.346385e-04 -6.610117e-02 -1.194393e-01 +2.441664e+03 -9.591201e+02 +2.166278e+05 +2.185345e+06 -2.365791e+11 +5.090816e+10 +1.264131e+12 -7.857036e+14 +4.939559e+18 -2.603638e+18   +3.374337e-07 +1.476874e-05 -1.400536e-03 +1.546259e-02 +1.467356e+00 -1.779096e+02 +3.722103e+03 +6.908232e+04 -4.563466e+06 +5.301410e+09 +1.465020e+10 -5.070512e+12 -2.011357e+14 -2.501918e+16 +9.119309e+17   
Q20-131   +9.995850e+00   +8.262634e-07 -6.061336e-02 -6.836437e-04 -1.317267e-02 -2.669767e-01 +2.386386e+03 -1.322721e+03 -3.584031e+05 -3.272174e+07 -2.343029e+11 -1.603507e+11 -9.958848e+12 -1.359930e+15 +4.788636e+18 +1.174275e+18   +4.382903e-07 +2.345985e-05 -1.023762e-03 +1.786326e-02 +1.554555e+00 -3.407030e+02 -4.341108e+03 -3.615209e+04 -1.675369e+06 +8.721934e+09 +6.395265e+10 -4.309313e+12 -2.124794e+15 -2.101122e+17 +1.759055e+18   
Q20-132   +9.995850e+00   +2.281407e-07 -6.057895e-02 -8.716515e-04 -6.347116e-02 -1.169411e+00 +2.344964e+03 -9.626965e+02 +2.329798e+05 +2.848121e+07 -2.396979e+11 -4.877681e+10 +2.810475e+11 -1.796834e+14 +4.982483e+18 +2.011483e+19   +3.227715e-07 -4.216241e-06 -7.335869e-04 -4.809794e-03 +2.244153e+00 -1.459089e+02 -1.791613e+03 -2.815766e+05 +2.774098e+07 +3.198302e+09 +2.397059e+11 -2.636573e+13 -5.792657e+14 -2.543970e+17 +1.380167e+19   
Q20-133   +9.995600e+00   +9.941226e-07 -6.047268e-02 -8.236809e-04 -1.514932e-02 -4.403769e-01 +2.419719e+03 +2.668023e+03 -1.267801e+04 +4.993362e+06 -2.371410e+11 +2.757992e+11 -6.403491e+12 -7.563142e+14 +4.833626e+18 -7.015076e+18   +4.023973e-07 +6.528296e-06 -2.704302e-04 +3.364898e-02 +7.935454e-01 -8.831342e+01 +1.756310e+02 -4.472062e+05 -1.667168e+07 +8.670882e+09 +2.440655e+11 -1.177475e+13 -6.062669e+14 +1.795607e+16 -1.009062e+19   
Q20-137   +9.996050e+00   +1.424519e-06 -6.059490e-02 +1.075306e-04 -1.377171e-02 +1.830598e-01 +2.492183e+03 +5.063491e+02 -5.374997e+04 +1.081723e+07 -2.359341e+11 -3.988054e+11 +3.082307e+13 -4.967448e+14 +4.777000e+18 -2.750010e+18   +3.943668e-07 +1.047063e-05 -1.364546e-03 +2.268022e-02 +2.426132e+00 -1.676155e+02 +2.630163e+03 +1.744620e+05 +9.880026e+06 +9.513941e+09 -1.747213e+11 +6.518813e+12 +3.124076e+14 +3.296570e+16 -2.194763e+18   
Q20-141   +9.996050e+00   +6.097139e-07 -6.059867e-02 -1.202397e-03 -1.997247e-02 -3.189397e+00 +2.352413e+03 -1.478256e+03 +2.888978e+05 -2.018504e+07 -2.365761e+11 -1.325426e+11 +1.186902e+13 -2.834503e+15 +4.871521e+18 -1.004364e+19   +3.967032e-07 +2.228090e-05 -4.788598e-04 +1.334328e-02 +1.385272e+00 -2.399770e+02 +5.330538e+03 +3.153886e+05 -8.379658e+06 +8.996022e+09 +2.688055e+11 +1.394068e+13 +5.598802e+14 -3.316968e+17 +7.422841e+18   
Q20-145   +9.994300e+00   +8.637222e-07 -6.057366e-02 -1.362877e-03 -8.286925e-02 -4.927909e-01 +2.368081e+03 +1.541841e+03 +3.589580e+05 +1.570288e+07 -2.347477e+11 +9.322745e+10 +2.530815e+12 -7.305802e+14 +4.743102e+18 +2.481424e+18   +9.061019e-08 -1.626890e-05 -2.619661e-04 +1.176542e-02 +8.325913e-01 -1.594444e+02 -5.423024e+03 -1.389403e+05 -6.069436e+06 +2.083185e+09 +1.308668e+10 +5.331984e+12 -2.117032e+14 -2.905432e+16 +4.455102e+17   
Q20-146   +9.996750e+00   +7.324270e-07 -6.046817e-02 -1.990220e-03 -5.452997e-02 -1.825286e+00 +2.285711e+03 -4.713391e+03 -5.576280e+04 +6.727194e+07 -2.383962e+11 -2.381764e+11 +3.290685e+13 -2.014256e+15 +4.567288e+18 -4.937385e+18   +2.964556e-07 -1.926723e-05 -1.310921e-03 +4.698210e-02 +1.537414e+00 -2.174156e+02 -1.076665e+04 -3.193509e+04 +5.572562e+06 +3.028456e+08 +2.584955e+10 -5.702919e+12 +1.869178e+15 +8.549754e+16 +1.547212e+19   
Q20-147   +9.996350e+00   +7.074788e-07 -6.063764e-02 -2.676421e-03 -1.102935e-01 -1.108944e+00 +2.480956e+03 +3.462007e+03 +2.177393e+05 +2.704383e+06 -2.357092e+11 +8.824760e+10 +3.115330e+12 -1.022989e+15 +4.720953e+18 -1.283596e+18   +6.164528e-07 -1.177449e-05 -2.127463e-03 +2.126716e-02 +2.252245e+00 -1.999149e+02 -6.251316e+02 -1.149065e+05 +2.451026e+06 +2.605726e+09 -8.210514e+10 -2.146168e+12 -8.487629e+14 +6.771641e+16 +1.533334e+18   
Q20-152   +9.996500e+00   +1.016965e-06 -6.042076e-02 -8.904900e-04 -1.206334e-01 -1.498031e+00 +2.438205e+03 -5.013439e+03 +4.231829e+05 +1.102081e+07 -2.317842e+11 -2.539556e+11 -9.707122e+12 -9.933304e+14 +4.878777e+18 +5.252995e+18   -1.811639e-07 -3.299856e-06 -1.100350e-04 +2.624586e-02 +7.821140e-01 -1.711972e+02 +1.230735e+03 -2.385187e+05 -4.837334e+07 +1.411294e+08 -1.837932e+11 -1.854463e+13 -1.776864e+15 -1.504119e+17 -1.728901e+18   
Q20-155   +9.997050e+00   +1.188517e-06 -6.046352e-02 -1.361566e-03 +2.148938e-02 -1.403548e+00 +2.297380e+03 -2.587528e+01 -1.760951e+05 +3.095463e+07 -2.357275e+11 -2.499418e+11 +8.253902e+12 -1.106648e+15 +4.870367e+18 -1.669324e+18   +9.168158e-07 +1.077504e-05 -1.672023e-03 +1.854138e-02 +1.010083e+00 -1.520276e+02 -5.525373e+01 -1.837794e+05 -1.247177e+07 +4.229197e+09 +3.042045e+09 -1.166791e+13 -5.802160e+14 -2.766901e+16 -8.849533e+17   
Q20-168   +9.996000e+00   +1.031176e-06 -6.050002e-02 -6.578068e-04 -5.636500e-02 -4.269530e-01 +2.246865e+03 -4.345150e+03 -1.134690e+05 +2.089223e+07 -2.305142e+11 +7.885677e+10 +4.828123e+12 -2.389756e+14 +4.633141e+18 -5.162130e+18   +6.476672e-07 -2.033664e-05 -7.878630e-04 -1.252589e-03 +1.775626e-01 -1.727318e+02 +2.933145e+03 +3.938643e+04 +2.039205e+07 +2.260561e+09 -4.092661e+10 -6.301152e+12 -4.930442e+14 +4.726473e+16 -2.403677e+18   
Q20-169   +9.996100e+00   +1.447515e-06 -6.057058e-02 -2.696923e-04 -2.348545e-02 -1.156672e+00 +2.231620e+03 -2.628142e+03 -8.825106e+04 -2.852759e+06 -2.330515e+11 +9.974019e+10 +9.957612e+12 -9.830197e+14 +4.685094e+18 +7.295670e+18   -2.851070e-08 -5.374682e-06 +2.344051e-04 +4.789962e-02 +1.861653e+00 -1.510086e+02 +2.352664e+03 +2.162213e+05 +3.578597e+06 +2.032787e+09 +1.543175e+11 -2.071871e+13 +5.780538e+14 +1.243913e+17 +8.235630e+18   
Q20-172   +9.994100e+00   +1.049165e-06 -6.071548e-02 +2.715560e-04 +1.047586e-03 -1.610010e+00 +2.352578e+03 -4.133876e+03 -2.162558e+05 -3.704536e+07 -2.361167e+11 +8.686631e+10 +1.411733e+13 -1.942323e+14 +4.697897e+18 +5.632470e+18   -5.405727e-07 -1.807160e-05 +1.062331e-03 +3.116762e-02 -1.646627e-01 -1.331397e+02 -1.356924e+03 +3.716646e+05 -1.163770e+07 +1.285339e+09 +1.703883e+10 -1.250324e+13 +1.482179e+15 -2.718734e+16 +4.541429e+18   
Q20-173   +9.996700e+00   +1.257185e-06 -6.052001e-02 -2.766902e-04 -4.867353e-02 -4.105297e-01 +2.293009e+03 -1.686398e+02 +5.998911e+04 +3.513056e+07 -2.334393e+11 -4.180158e+11 +9.482509e+12 -3.820892e+14 +4.381910e+18 +6.239021e+18   -4.156457e-07 -1.303279e-05 +1.178285e-03 -5.695684e-03 -4.514371e-01 -1.422233e+02 -4.200543e+03 -5.723920e+04 -8.485021e+06 +6.419012e+09 +1.127080e+11 -2.571432e+13 -9.132401e+14 +1.048610e+17 -7.490387e+18   
Q20-174   +9.994450e+00   -1.322773e-07 -6.076347e-02 -1.713171e-03 -2.140327e-02 -7.677820e-01 +2.336028e+03 -7.247479e+02 -1.484405e+05 -6.730312e+06 -2.344205e+11 -9.478722e+10 +4.909471e+11 -2.332391e+14 +4.759604e+18 -2.382691e+18   +6.237976e-07 -8.851493e-06 -9.066105e-04 +3.302902e-02 +4.543659e-01 -1.480858e+02 -2.262496e+03 -6.023703e+04 -7.889294e+05 -4.512978e+07 -1.002147e+11 -1.564555e+13 +1.214251e+14 -9.845722e+15 -6.286032e+18   
Q20-175   +9.996450e+00   +5.902774e-07 -6.062295e-02 -1.227295e-03 -1.357784e-02 -1.238885e+00 +2.323380e+03 +2.081588e+02 -1.678491e+05 +1.803533e+07 -2.357149e+11 -2.261562e+11 -9.170439e+12 +5.920128e+14 +4.733742e+18 -5.972077e+18   +5.430316e-07 +5.432752e-06 -1.505710e-03 +1.287243e-02 +2.769723e-01 -1.073114e+02 +7.017432e+02 -5.502939e+04 -1.676179e+06 -8.423842e+08 +1.824987e+11 -4.233661e+12 -6.527098e+14 -5.593913e+16 +6.055323e+18   
Q20-177   +9.996450e+00   +7.961737e-07 -6.054237e-02 -1.827635e-04 -1.064966e-01 -1.321034e+00 +2.333258e+03 -2.069637e+03 +5.264167e+05 +3.502842e+06 -2.346394e+11 -2.167834e+11 -8.508160e+12 -7.637750e+14 +4.791072e+18 +4.388576e+18   -7.398015e-08 +3.223040e-06 +9.332756e-04 +1.671568e-02 +1.834032e-01 -1.405284e+02 -2.751480e+03 -3.590114e+05 +6.924260e+06 +4.470953e+08 +4.763176e+10 +5.302819e+12 +5.518382e+14 -4.770885e+16 +5.890203e+18   
Q20-179   +9.996550e+00   +1.050526e-06 -6.046741e-02 -1.212123e-03 +1.874488e-02 -1.284102e+00 +2.258191e+03 -1.023743e+03 -1.321324e+05 +3.646240e+07 -2.357063e+11 -1.433479e+11 +1.218112e+13 -7.835334e+14 +4.826347e+18 -3.425718e+18   +3.494466e-07 -7.148651e-06 -1.132897e-03 +5.997598e-03 +1.359905e+00 -1.835713e+02 +1.700254e+03 +2.889012e+05 +1.151164e+07 +3.577652e+09 +1.738631e+11 -1.459137e+11 +4.904044e+14 -2.751371e+16 +1.124626e+19   
