# multipoles are divided by excitation current and units are [T], [m] and [A]
# harmonics (dipole n=0): 00 01 02 03 04 05 06 07 08 09 10 11 12 13 14 
# MAG_LABEL   CURRENT[A]   <NORMAL_MULTIPOLES/CURRENT>[T/m^(n-1)/A]   <SKEW_MULTIPOLES/CURRENT>[T/m^(n-1)/A]
Q20-005   +2.999595e+01   -4.052990e-07 -5.916165e-02 -5.615858e-04 -6.952839e-02 -7.338527e-01 +2.213601e+03 -5.690335e+02 +1.004647e+04 -3.937252e+07 -2.334824e+11 +5.980907e+10 +1.022995e+12 +8.251554e+14 +4.716003e+18 +7.928784e+17   -1.890820e-07 -1.298176e-05 +8.753575e-04 +9.721876e-03 -8.176130e-01 -1.154181e+02 -4.482805e+02 +1.816930e+04 +1.616291e+07 +2.936976e+09 -6.823481e+09 -7.594939e+12 -4.601605e+14 -3.460237e+16 -1.053641e+18   
Q20-007   +2.999670e+01   +5.913914e-07 -5.919928e-02 -1.053427e-03 -7.969380e-02 -6.540533e-01 +2.443001e+03 -1.156420e+03 +1.349916e+05 +2.172830e+07 -2.317813e+11 +3.454550e+10 +1.548807e+12 -6.597132e+14 +4.685845e+18 +1.089499e+18   +3.896555e-07 -6.732861e-06 -5.802162e-04 +1.598129e-02 -1.429277e-01 -1.498345e+02 +1.767516e+03 +1.171177e+05 +1.249951e+07 +4.974667e+09 -7.012048e+10 -1.334066e+13 +2.097917e+14 -2.953376e+16 +1.708000e+18   
Q20-009   +2.999615e+01   +2.555170e-07 -5.917486e-02 -1.034253e-03 -1.209912e-01 -7.930761e-01 +2.393904e+03 -8.249502e+02 +2.482326e+05 +1.060316e+07 -2.339385e+11 -3.047841e+10 -5.228334e+12 -4.730884e+14 +4.733474e+18 -2.390794e+18   +2.349909e-07 -1.218241e-05 -3.100086e-04 +1.115371e-02 +4.642879e-01 -1.402035e+02 +1.085990e+02 +6.484539e+04 +2.328070e+06 +4.793098e+09 +1.651523e+10 -5.114316e+12 -3.089206e+14 -5.047421e+16 +2.817384e+18   
Q20-010   +2.999585e+01   +7.355014e-07 -5.917282e-02 -3.571707e-04 -1.013049e-01 -4.660351e-01 +2.377954e+03 -2.585337e+03 +1.657858e+05 +1.744441e+07 -2.326805e+11 +8.705644e+10 -3.724952e+12 -1.260586e+14 +4.696333e+18 -1.162062e+18   +2.143337e-08 -6.822734e-06 -6.962717e-04 +2.056244e-02 +1.453020e+00 -1.665857e+02 -6.601287e+02 -5.024228e+04 -7.981654e+06 +5.864975e+09 -9.396437e+10 -3.639280e+12 +1.426128e+14 -1.250522e+17 +1.082267e+18   
Q20-011   +2.999595e+01   +4.232028e-08 -5.916029e-02 -1.316500e-03 -8.347384e-02 -9.252439e-01 +2.460538e+03 -1.644768e+03 +1.638744e+05 +3.034942e+05 -2.338298e+11 +8.093186e+10 -1.638296e+12 +5.655607e+14 +4.718240e+18 +1.522780e+18   +5.159917e-07 -4.922745e-06 -1.160702e-03 -8.032621e-03 +1.329806e+00 -1.722809e+02 +1.075758e+03 +5.960951e+04 +4.816030e+06 +4.883119e+09 -3.816842e+10 -6.310919e+12 -9.248149e+14 -8.956132e+16 -1.443989e+18   
Q20-012   +2.999595e+01   +3.016129e-07 -5.917229e-02 -1.654045e-03 -1.299534e-01 -1.192865e+00 +2.429083e+03 +7.269375e+02 +3.142435e+05 +2.733721e+07 -2.345829e+11 -8.608122e+10 -7.953487e+12 -1.653015e+14 +4.764993e+18 +2.781681e+17   +4.311229e-07 -2.867796e-05 -1.227560e-03 +3.292585e-03 +1.521849e+00 -1.832024e+02 +1.065077e+02 +2.129803e+04 +7.860885e+05 +4.589476e+09 -7.493605e+09 -7.497709e+12 -9.936725e+13 -1.033069e+17 -3.302001e+18   
Q20-013   +2.999585e+01   +5.240552e-07 -5.914885e-02 -6.914690e-04 -8.212413e-02 +1.074594e-01 +2.410102e+03 -6.636905e+02 -2.282124e+04 +2.274285e+07 -2.328228e+11 -6.133812e+09 +5.735360e+12 +2.478063e+14 +4.735442e+18 -1.469916e+18   +4.859609e-07 -2.157805e-05 -9.794058e-04 +2.871178e-02 +2.385324e-01 -1.970990e+02 +6.799381e+00 -1.664934e+05 +1.472709e+07 +6.792583e+09 -2.046788e+09 -6.493578e+12 -2.709112e+14 -1.699375e+17 +7.953247e+17   
Q20-014   +2.999590e+01   +5.280262e-07 -5.916719e-02 +3.276782e-04 -6.766538e-02 +9.551812e-01 +2.358336e+03 -3.704393e+03 +1.670079e+05 +5.178398e+06 -2.347324e+11 +1.697723e+11 -4.651392e+12 -1.447779e+14 +4.749259e+18 +3.869929e+18   +1.210016e-07 -2.799527e-05 -1.989347e-04 +3.791962e-02 -2.594569e-01 -1.593618e+02 +2.282879e+03 -1.707621e+05 -6.426675e+06 +4.272074e+09 +1.733841e+11 -9.111075e+12 -1.119490e+14 -2.310327e+16 +2.107958e+18   
Q20-015   +2.999595e+01   +4.620280e-07 -5.917012e-02 -1.250997e-03 -1.036765e-01 -3.465625e-01 +2.393321e+03 +1.686369e+03 +7.081876e+04 +1.777474e+07 -2.330674e+11 -3.033512e+10 +1.603522e+12 -8.041849e+13 +4.719510e+18 +1.702745e+18   +3.727797e-07 -7.986975e-06 -1.289114e-03 +9.257406e-03 +5.672699e-01 -1.828471e+02 +2.167225e+03 -5.729083e+04 -5.940792e+05 +6.052457e+09 +3.116081e+10 -4.944261e+12 -2.516296e+14 -1.458712e+17 +2.073568e+17   
Q20-016   +2.999660e+01   +4.307048e-08 -5.916264e-02 -1.962981e-03 -5.580236e-02 -7.569658e-01 +2.420737e+03 +3.212795e+03 -3.496980e+04 -1.620022e+05 -2.335080e+11 -5.024189e+10 +6.416547e+11 +3.074710e+14 +4.675040e+18 +4.465796e+18   +6.407456e-07 -2.156627e-05 -1.309907e-03 +1.184910e-02 +9.946174e-01 -2.432421e+02 +1.376617e+03 +1.829543e+05 +7.608322e+06 +7.851953e+09 +5.110062e+10 -8.226986e+12 -3.566984e+14 -2.235594e+17 -4.430035e+18   
Q20-021   +2.999625e+01   +9.201960e-07 -5.913773e-02 -6.968388e-04 -9.140683e-02 -8.557626e-01 +2.340660e+03 -2.497707e+03 +2.831660e+05 +3.748662e+07 -2.321655e+11 +4.619261e+10 -9.808473e+12 -1.752177e+15 +4.709042e+18 -1.014606e+18   +8.259192e-07 +8.183446e-08 -2.030367e-03 +2.736920e-02 +2.006077e+00 -2.308984e+02 +3.780663e+03 +4.084237e+04 +1.803384e+07 +8.210760e+09 -6.626172e+10 -4.568414e+12 -5.004826e+14 -2.203629e+17 +5.005136e+18   
Q20-022   +2.999585e+01   +2.831700e-07 -5.909791e-02 -9.354424e-04 -9.887504e-02 -2.326109e-01 +2.346636e+03 +3.568887e+02 +2.779383e+04 +1.030489e+07 -2.324948e+11 -4.099584e+09 +8.436894e+12 -8.983263e+14 +4.664219e+18 +2.231681e+17   +1.320292e-07 -1.244872e-05 +1.383661e-04 +3.686537e-03 +2.207055e-01 -1.709686e+02 +7.534212e+02 +4.127888e+04 +9.405174e+06 +4.740869e+09 -6.044259e+10 -9.144212e+12 +4.582297e+14 -5.347256e+16 +4.318234e+18   
Q20-023   +2.999595e+01   +3.327946e-07 -5.913098e-02 -1.239353e-03 -6.102004e-02 -9.317698e-02 +2.457886e+03 -1.897449e+03 -1.541537e+05 +1.259938e+07 -2.342556e+11 -6.800085e+09 -8.430865e+11 -3.154216e+14 +4.800155e+18 -1.156915e+17   +5.937562e-07 -1.320551e-05 -1.200814e-03 +2.688283e-02 +1.751771e+00 -2.182847e+02 +2.767633e+02 -9.164424e+04 +6.932396e+05 +5.346545e+09 -5.581957e+10 -3.732184e+12 +6.426888e+13 -7.959285e+16 -8.210085e+17   
Q20-026   +2.999640e+01   +3.444027e-07 -5.914896e-02 -2.092956e-03 -3.199001e-02 -1.795603e+00 +2.392578e+03 +2.764534e+03 +3.888787e+04 +1.671304e+07 -2.334018e+11 -1.223714e+11 +5.170350e+12 -1.309758e+14 +4.746886e+18 +5.565421e+18   +4.117814e-07 -1.971813e-05 -1.491858e-04 +6.564881e-03 -2.897140e-01 -1.670641e+02 +1.457294e+02 +1.643382e+04 +9.665256e+06 +4.669650e+09 +5.237368e+10 +6.835174e+12 -1.901691e+14 -8.527500e+16 -5.212469e+18   
Q20-027   +2.999635e+01   +5.702187e-07 -5.915890e-02 -1.407320e-03 -8.338144e-02 -6.547513e-01 +2.394525e+03 -9.506570e+02 +1.152104e+05 +2.025987e+07 -2.330395e+11 +1.469483e+10 -4.018092e+12 -5.561680e+14 +4.754552e+18 +1.007936e+18   +1.830797e-07 -2.100061e-05 -7.712418e-05 +1.526362e-02 +3.505146e-01 -1.815103e+02 -1.105313e+03 +4.573693e+04 +9.402677e+06 +5.931938e+09 -2.711644e+10 -6.445101e+12 -4.017345e+14 -1.307433e+17 +2.445986e+16   
Q20-028   +2.999600e+01   +2.510611e-07 -5.915002e-02 -1.073902e-03 -7.748900e-02 -5.412082e-01 +2.363787e+03 -2.760929e+03 -3.256165e+04 +2.989626e+07 -2.324923e+11 +4.506768e+10 +1.525703e+12 -7.376610e+14 +4.744866e+18 +3.304819e+18   +3.091746e-07 -1.709110e-05 -3.365952e-04 +2.117029e-02 +2.284512e-01 -1.563319e+02 -9.438142e+02 +1.987980e+05 +2.192475e+07 +3.684151e+09 +7.101033e+10 -9.075260e+12 -2.916749e+14 -3.597793e+16 +2.604467e+18   
Q20-033   +2.999600e+01   +6.811928e-07 -5.913495e-02 -1.117419e-03 -8.532448e-02 -8.836928e-01 +2.399630e+03 -5.456084e+02 +7.556227e+04 +2.983721e+07 -2.342629e+11 +1.985420e+10 -4.364715e+11 -6.534948e+14 +4.751310e+18 -1.991410e+18   +4.737958e-07 -1.477241e-05 -9.226023e-04 +1.949279e-02 +1.164521e+00 -1.181070e+02 -2.255247e+02 -6.677267e+04 +2.534953e+07 +4.384708e+09 +2.317480e+10 -7.448777e+12 -8.079324e+14 -7.078147e+16 -7.790922e+17   
Q20-034   +2.999600e+01   +4.187922e-07 -5.910108e-02 -7.141876e-04 -8.598200e-02 -9.077997e-01 +2.390784e+03 -1.909620e+03 +1.061872e+05 +9.078527e+06 -2.315323e+11 +3.483918e+10 -6.080051e+11 -1.252793e+14 +4.634785e+18 -1.387846e+18   +8.829641e-07 -2.327973e-05 -3.906581e-03 +1.220104e-02 +3.387142e+00 -1.680096e+02 +8.023903e+03 +5.843793e+04 -5.863862e+06 +3.094227e+09 -8.057228e+10 -4.079487e+12 +5.615089e+13 +9.789925e+15 +1.457438e+18   
Q20-035   +2.999590e+01   +4.762261e-07 -5.911528e-02 -1.959615e-03 -5.565241e-02 -1.304030e+00 +2.413833e+03 +1.118809e+03 +4.205191e+04 +2.777715e+07 -2.334243e+11 -1.893766e+10 -4.989002e+10 -6.888388e+14 +4.698142e+18 +3.205052e+18   +1.465422e-07 -1.985568e-05 +1.742556e-04 +2.665560e-02 -1.464325e-01 -1.190140e+02 -1.440388e+03 +9.751683e+04 +1.193047e+07 +5.052307e+09 +2.505857e+09 -8.697262e+12 -1.640534e+14 -1.216615e+17 +1.045786e+18   
Q20-036   +2.999610e+01   +6.104624e-07 -5.917973e-02 -6.596087e-04 -7.596964e-02 -7.088912e-01 +2.380226e+03 -1.610459e+03 +1.851507e+05 +9.875517e+06 -2.332929e+11 +5.133047e+10 -9.280606e+12 +2.790857e+14 +4.680442e+18 +3.579889e+18   +8.970463e-07 -2.265007e-05 -1.692357e-03 +2.536039e-02 +4.047600e-01 -1.515863e+02 +3.144640e+03 -9.842496e+04 +1.154592e+06 +6.015335e+09 -6.746194e+10 -2.206336e+12 -8.655979e+14 -1.434340e+17 +3.506179e+18   
Q20-038   +2.999590e+01   +6.742178e-07 -5.915919e-02 -1.414595e-03 -1.053115e-01 -1.214670e+00 +2.436022e+03 -6.493851e+02 +1.634257e+05 +3.253907e+07 -2.320225e+11 -1.780015e+10 -5.579009e+12 -1.080458e+15 +4.676569e+18 -6.211752e+17   +3.213456e-07 -2.565106e-05 +7.411566e-07 +3.147583e-02 -2.675129e-01 -1.611151e+02 +1.465878e+02 +5.249117e+04 +1.121292e+07 +3.310300e+09 -1.718317e+10 -9.698969e+12 -5.255322e+14 -3.774856e+16 +7.142583e+18   
Q20-039   +2.999590e+01   +1.073594e-06 -5.914885e-02 -5.211819e-04 -5.327431e-02 +1.588564e-01 +2.379208e+03 -4.054958e+03 +3.574922e+04 +1.895841e+07 -2.323466e+11 +5.425151e+10 -3.571238e+12 -6.754500e+13 +4.698272e+18 +2.046986e+18   +1.358356e-07 -9.008898e-06 -1.390529e-04 +3.193928e-02 +7.799709e-01 -1.567075e+02 +2.107543e+03 +5.397161e+04 +1.345820e+07 +3.302789e+09 -9.935395e+10 -6.339623e+12 +4.444607e+13 -5.121430e+16 +6.387220e+18   
Q20-041   +2.999640e+01   +7.653398e-07 -5.910953e-02 -1.165174e-03 -6.983215e-02 -5.351802e-01 +2.368414e+03 +9.052693e+01 +2.867225e+05 +3.877479e+07 -2.319672e+11 +3.513532e+10 -4.537258e+12 -1.540057e+15 +4.687449e+18 -2.986727e+18   +6.162963e-07 -3.322531e-06 -1.116469e-03 +1.165948e-02 +1.490435e+00 -2.040798e+02 -8.647438e+02 +1.632454e+05 +2.277914e+07 +6.907549e+09 -3.268087e+10 -5.934432e+12 -1.490159e+14 -1.619224e+17 -2.881511e+18   
Q20-044   +2.999570e+01   +7.548475e-07 -5.911884e-02 -1.640206e-03 -9.373967e-02 -1.505276e+00 +2.421918e+03 +8.525672e+02 +1.570711e+05 +2.444389e+07 -2.328281e+11 -4.115260e+10 -3.261146e+12 -5.515024e+14 +4.735212e+18 +2.615588e+17   +7.424668e-07 -1.846133e-05 -2.209490e-03 +2.511991e-04 +2.124877e+00 -1.880790e+02 +4.194871e+03 +8.624019e+03 +1.266084e+06 +5.315459e+09 -1.487998e+11 -5.966228e+12 -1.570530e+14 -1.219853e+17 +2.289745e+18   
Q20-045   +2.999625e+01   +9.506155e-07 -5.909469e-02 -7.519793e-04 -5.651420e-02 -4.575165e-01 +2.424481e+03 -1.534571e+02 +4.092588e+04 +2.712184e+07 -2.324340e+11 +2.469841e+10 +1.103416e+12 -9.129301e+14 +4.712829e+18 -2.696058e+18   +6.962964e-07 -9.083715e-06 -1.804361e-03 +3.517806e-02 +1.510086e+00 -1.706257e+02 +3.526654e+03 +3.238266e+04 +8.029044e+06 +6.119052e+09 +5.539059e+09 -1.557875e+13 -3.520093e+14 -1.270948e+17 +7.908982e+16   
Q20-048   +2.999600e+01   +5.610641e-07 -5.904897e-02 -2.607831e-05 -2.043376e-02 +9.559115e-01 +2.381202e+03 -1.118851e+03 +1.907479e+04 +9.243996e+06 -2.305919e+11 -2.938067e+10 +4.330114e+12 -1.796987e+14 +4.634288e+18 +3.546463e+18   +1.598254e-07 -9.595356e-06 +6.171926e-04 +1.728162e-03 -1.186337e+00 -8.096096e+01 +3.879394e+02 +5.816749e+04 +1.831767e+07 +3.790612e+08 -2.893739e+10 -2.839038e+12 -4.405004e+14 +6.926457e+16 +1.013577e+18   
Q20-049   +2.999605e+01   +7.699797e-07 -5.907381e-02 -2.201328e-04 -8.128740e-02 +1.173860e+00 +2.388625e+03 -2.361542e+03 +1.252540e+05 +1.002631e+07 -2.305798e+11 +9.364626e+10 +2.231146e+11 +5.419894e+14 +4.641738e+18 -2.510252e+18   +8.331154e-07 -1.701894e-05 -2.519346e-03 +9.768470e-03 +1.942847e+00 -1.338585e+02 +3.541463e+03 +4.331504e+04 +1.218224e+07 +3.182270e+09 +1.764623e+10 +6.738511e+12 +1.147734e+14 -4.735207e+16 -3.438496e+18   
Q20-051   +2.999600e+01   +5.570246e-07 -5.902824e-02 -1.244156e-03 -5.198997e-02 +1.189976e-01 +2.418221e+03 +3.560685e+03 +5.320263e+04 +2.032140e+07 -2.286427e+11 -4.788132e+08 +4.407408e+12 -6.877440e+14 +4.638769e+18 -1.630031e+18   +5.611368e-07 -1.810965e-05 -9.142806e-04 +4.067276e-03 +1.159979e+00 -1.509173e+02 +1.049807e+02 +2.264922e+05 +5.243202e+06 +2.413582e+09 +1.379486e+10 -1.039389e+13 -3.137959e+14 +2.626448e+15 +1.884867e+18   
Q20-053   +2.999695e+01   +8.568181e-07 -5.906671e-02 -1.375616e-03 -9.176786e-02 +1.929850e-01 +2.375833e+03 -8.894854e+01 +1.789294e+05 +2.618740e+07 -2.301699e+11 +5.452368e+10 -4.340815e+12 -6.463824e+14 +4.636855e+18 -3.284235e+17   +2.252344e-07 -2.066483e-05 -8.983917e-04 +1.447873e-02 +2.202633e+00 -1.488607e+02 +1.479378e+03 +1.208528e+05 -1.642716e+06 +4.030286e+09 -4.609629e+10 -9.364489e+12 -2.085342e+14 -5.493268e+16 +5.633976e+17   
Q20-055   +2.999605e+01   +6.239742e-07 -5.906508e-02 -1.235709e-03 -2.667375e-02 -7.388379e-01 +2.379291e+03 +6.555750e+02 -4.308051e+04 +3.224763e+07 -2.314742e+11 +2.363957e+09 +2.481115e+12 -8.802609e+14 +4.690961e+18 -4.851292e+17   +1.794280e-07 -1.392564e-05 +1.035048e-04 -3.642436e-03 +3.246991e-01 -1.516573e+02 -3.192406e+03 +1.506721e+05 +8.974375e+06 +3.807721e+09 +5.618997e+10 -3.891589e+12 -1.800032e+14 -2.990143e+16 -2.122012e+18   
Q20-057   +2.999615e+01   +7.380971e-07 -5.901931e-02 -1.052845e-03 -6.210227e-02 -1.027590e+00 +2.388902e+03 -6.837814e+02 +7.757869e+04 +3.153509e+07 -2.308470e+11 +6.538432e+09 +3.259742e+12 -8.078950e+14 +4.685901e+18 +1.980518e+18   +4.595433e-07 -1.013514e-05 -2.172569e-04 +7.663513e-03 +1.275209e+00 -1.005403e+02 -1.744998e+03 +2.084069e+05 +7.220960e+06 +3.459851e+08 +2.983302e+09 -1.099190e+13 -1.794645e+14 +9.542128e+16 +2.628475e+18   
Q20-061   +2.999520e+01   +5.547661e-07 -5.913369e-02 -1.642343e-04 -5.619332e-02 +4.107170e-01 +2.388877e+03 -2.708025e+03 -7.044941e+04 +1.367929e+07 -2.315262e+11 +3.294965e+10 +5.249470e+12 -1.304431e+14 +4.688597e+18 +2.771047e+18   +3.920617e-07 +1.628656e-05 -1.275308e-03 -1.581742e-03 +5.588224e-01 -3.083723e+02 +1.502293e+03 +7.133005e+04 +7.997693e+06 +9.034092e+09 -1.409759e+11 -5.313754e+12 -4.664166e+14 -1.429329e+17 +3.822775e+18   
Q20-063   +2.999595e+01   +2.659213e-07 -5.906777e-02 -3.261345e-04 -6.021623e-02 +6.056704e-01 +2.317960e+03 -8.702285e+02 +1.054709e+04 -1.077437e+07 -2.287302e+11 +1.351928e+11 +4.097957e+12 -4.545070e+14 +4.660206e+18 -3.752947e+18   +2.996016e-07 -1.036634e-05 -8.393576e-04 +5.277609e-03 +1.174526e+00 -1.793609e+02 +9.087417e+02 +2.834906e+05 +2.667629e+07 +1.587185e+09 +3.063338e+10 -4.200674e+12 -6.445217e+14 +9.816702e+16 +1.441990e+18   
Q20-065   +2.999600e+01   +7.079224e-07 -5.909035e-02 -1.010748e-03 -5.148763e-02 -9.680711e-01 +2.391780e+03 +1.668812e+02 +5.753004e+04 +9.426910e+06 -2.294261e+11 -8.447883e+09 -4.848193e+11 -3.811298e+14 +4.609935e+18 +7.618059e+17   +4.524767e-07 -1.849563e-05 -8.598003e-04 +1.342472e-02 +6.159258e-01 -1.669343e+02 -3.563789e+02 +3.419576e+04 +2.510838e+07 +1.746880e+09 -2.080583e+10 -1.842082e+12 -8.781114e+14 +4.865935e+16 -1.710397e+18   
Q20-066   +2.999435e+01   +9.971528e-07 -5.908419e-02 -2.175973e-04 -1.148740e-02 +1.929166e-01 +2.345533e+03 -4.503775e+02 -2.447456e+05 +1.541862e+07 -2.316169e+11 -1.518559e+10 +4.406583e+11 -9.440698e+14 +4.647102e+18 -2.750605e+18   +1.504787e-07 -1.213093e-05 +9.213028e-04 +1.805010e-02 -2.297604e-01 -2.169058e+02 -4.142377e+03 +2.725920e+05 +5.260477e+05 +3.805533e+09 +1.702982e+11 -3.001489e+12 +2.712362e+13 -1.640880e+16 -1.491382e+18   
Q20-068   +2.999620e+01   +7.705279e-07 -5.910685e-02 -8.707443e-04 -4.307522e-02 +9.534644e-01 +2.413947e+03 -3.093844e+02 +1.783335e+05 +1.751284e+07 -2.308002e+11 +9.848464e+10 +3.960728e+12 -1.338464e+14 +4.620022e+18 -1.934914e+18   +3.443336e-07 -1.853653e-05 -4.799258e-04 +8.446097e-03 +2.936128e-01 -2.416217e+02 +1.077081e+03 +1.731438e+05 +1.122681e+07 +5.913029e+09 -1.833709e+09 -1.322210e+13 +7.253942e+13 -1.130127e+17 +5.386259e+18   
Q20-069   +2.999540e+01   -1.001215e-07 -5.906586e-02 -8.715946e-04 -1.092448e-01 -9.113074e-02 +2.367335e+03 +5.542016e+03 +4.126523e+05 +5.423345e+06 -2.316356e+11 -1.024835e+11 -2.362289e+13 -7.356508e+14 +4.658981e+18 +4.818492e+18   +5.069547e-07 +2.147486e-05 -9.201788e-04 +1.452740e-02 +4.786524e-01 -1.958938e+02 -8.406292e+02 -3.477300e+03 -1.305919e+06 +4.865649e+09 +8.427432e+10 -7.874344e+12 -2.925356e+14 -3.449842e+16 +4.406716e+17   
Q20-071   +2.999550e+01   +8.435565e-07 -5.909916e-02 +2.252347e-04 -8.425467e-02 +3.416149e-01 +2.415232e+03 -2.642458e+03 +1.598446e+05 +2.111076e+07 -2.309778e+11 +8.240579e+10 -4.401734e+12 -1.064953e+15 +4.692637e+18 -4.785855e+17   +4.610072e-07 +6.329089e-06 +7.076461e-04 +7.552350e-03 -1.987398e+00 -1.938276e+02 -3.024332e+03 +5.977993e+04 +2.473900e+07 +4.453261e+09 +1.991944e+11 -7.703512e+12 -4.483062e+14 -4.972279e+16 -4.835479e+18   
Q20-073   +2.999560e+01   +1.087740e-06 -5.911814e-02 -2.734722e-04 -8.264135e-02 +2.794827e-01 +2.403194e+03 -1.232628e+03 +1.753378e+05 +3.113546e+07 -2.339053e+11 -2.278152e+10 -6.364173e+12 -1.785108e+14 +4.747190e+18 +5.264555e+18   +3.642941e-07 +2.697102e-05 -4.369348e-07 +1.442102e-02 -9.668591e-01 -1.904045e+02 +2.290634e+03 -8.253634e+04 +2.864437e+07 +5.334692e+09 +1.004533e+10 -7.009591e+12 -8.333529e+14 -1.071264e+17 +1.902935e+18   
Q20-074   +2.999585e+01   +7.030463e-07 -5.910861e-02 -1.135306e-03 -6.827688e-02 -2.767328e-01 +2.351575e+03 -7.313525e+02 +2.790986e+05 +2.655787e+07 -2.327394e+11 -3.317088e+10 -4.372495e+12 -2.267947e+14 +4.691086e+18 -1.943652e+18   +3.668037e-07 +2.885672e-06 -6.733905e-05 +1.248222e-02 -3.068676e-01 -2.079510e+02 +4.014615e+03 +5.609803e+04 +1.419936e+07 +4.491545e+09 -1.258025e+11 +1.734844e+12 -6.633808e+14 -7.840221e+16 +5.648831e+18   
Q20-076   +2.999575e+01   +8.578052e-07 -5.908674e-02 -9.311059e-04 -3.571336e-02 -3.348364e-01 +2.292259e+03 -6.072554e+02 +4.809335e+04 +1.912408e+07 -2.318262e+11 -2.060320e+09 -4.253106e+12 -3.072768e+14 +4.763632e+18 +7.900686e+17   -1.391132e-07 +2.076262e-05 -1.225720e-04 +3.386003e-02 +4.746222e-02 -2.548195e+02 -1.218051e+03 +4.091726e+05 -1.880035e+07 +8.437989e+09 +7.311242e+08 -1.955021e+13 -3.780536e+14 -1.794015e+17 +1.738009e+18   
Q20-077   +2.999600e+01   +2.806316e-07 -5.909185e-02 -7.653620e-04 -5.456278e-02 -1.298343e+00 +2.353428e+03 -2.616019e+03 +6.224617e+04 +8.803647e+06 -2.325839e+11 +6.575657e+10 +3.401897e+12 -3.975740e+14 +4.760168e+18 -1.382616e+18   +2.578773e-07 -1.200742e-05 -4.817512e-04 +2.005921e-02 +1.035990e+00 -1.729700e+02 -9.081184e+02 -4.438352e+04 -4.990349e+06 +2.717003e+09 +7.988635e+10 -2.777791e+12 +4.009378e+14 -1.989596e+16 +7.662082e+17   
Q20-078   +2.999585e+01   +6.491065e-07 -5.908027e-02 -1.102148e-03 -7.548541e-02 +1.316583e-01 +2.351120e+03 +1.641830e+03 -9.096198e+04 +3.281959e+07 -2.296947e+11 -6.349718e+10 +5.131463e+12 -7.277587e+14 +4.649523e+18 +6.567235e+17   +6.048577e-07 -1.063842e-05 -1.024169e-03 +2.327330e-02 +2.165542e-01 -2.350588e+02 +5.260024e+03 +3.077883e+04 +1.241047e+07 +5.994216e+09 -1.017877e+11 -5.045065e+12 +1.992204e+14 -1.112412e+17 +3.614087e+17   
Q20-080   +2.999580e+01   +5.543239e-07 -5.905910e-02 -1.168397e-03 -8.212890e-02 -1.013768e+00 +2.405605e+03 +2.019754e+03 +2.544611e+05 +2.852223e+07 -2.330309e+11 +3.324003e+10 -3.237942e+12 -3.989679e+14 +4.723151e+18 +1.439546e+18   +5.713973e-08 +9.735770e-06 -6.146841e-04 +5.451553e-03 +1.131534e+00 -1.683126e+02 -1.192278e+03 +1.725068e+05 +1.956522e+07 +6.863101e+09 -2.611181e+10 -7.089816e+12 +9.992056e+14 -1.492589e+16 -2.744537e+18   
Q20-081   +2.999570e+01   +6.951743e-07 -5.908717e-02 -4.480629e-04 -5.478755e-02 -5.270512e-01 +2.309666e+03 -7.989298e+01 +1.419124e+05 +4.492254e+07 -2.317260e+11 -1.244477e+11 -1.283476e+12 -1.332521e+15 +4.737302e+18 +1.177212e+19   +3.980364e-07 +5.208527e-06 -1.663791e-03 +1.886188e-02 +1.435952e+00 -2.715000e+02 +2.290677e+03 -4.019159e+04 -1.957667e+07 +9.248892e+09 -1.542208e+11 -1.795148e+11 +8.384062e+14 -3.066252e+17 +5.326203e+18   
Q20-082   +2.999560e+01   +3.759161e-07 -5.910200e-02 -3.151938e-05 -6.218975e-02 +6.114023e-01 +2.269760e+03 -3.113393e+03 +4.087226e+05 +8.951700e+06 -2.331905e+11 +1.023208e+11 -1.429402e+13 +4.662374e+14 +4.743336e+18 -4.404543e+18   -2.910333e-09 +4.270530e-06 -1.046024e-03 +1.967162e-02 +1.235043e+00 -1.972388e+02 +2.363166e+03 +1.410789e+05 -2.518260e+07 +5.372091e+09 -1.937509e+11 -1.228937e+13 +2.074236e+14 -1.058779e+17 +7.341070e+18   
Q20-083   +2.999395e+01   +3.815673e-07 -5.904891e-02 -1.829977e-04 -5.051829e-02 +5.674988e-02 +2.316762e+03 -2.794266e+03 +6.158155e+04 +1.157741e+07 -2.304331e+11 -1.335144e+10 +3.491387e+12 -2.063029e+14 +4.702695e+18 +3.734797e+18   +4.420285e-07 -2.116304e-05 -1.219377e-03 +2.020340e-02 +1.297774e+00 -1.796730e+02 +3.348585e+03 -1.404396e+04 -1.538812e+07 +2.981340e+09 -1.058513e+11 +5.519850e+11 +4.808726e+14 -1.998580e+16 +6.035731e+18   
Q20-086   +2.999610e+01   +8.022326e-07 -5.909828e-02 +1.309218e-04 -5.587963e-02 +4.470705e-01 +2.289561e+03 -1.983159e+03 +1.652011e+05 -9.779708e+06 -2.315025e+11 +5.239481e+10 -9.398038e+12 +1.017773e+14 +4.806655e+18 -6.387647e+17   +3.243406e-07 -5.618364e-06 -8.444644e-04 +3.891823e-03 +9.247879e-01 -1.565976e+02 -5.160358e+02 +2.316960e+05 +9.545388e+06 +1.941909e+09 +3.025145e+10 -3.868520e+12 -1.102038e+15 +9.947400e+15 +1.041149e+18   
Q20-087   +2.999600e+01   +8.381984e-07 -5.908975e-02 -3.466942e-04 -7.228987e-02 -1.273603e-01 +2.279135e+03 -3.648496e+03 +6.473726e+04 +2.216846e+07 -2.285358e+11 +1.639630e+11 -1.898589e+12 -7.491739e+14 +4.613728e+18 -7.636545e+18   +3.514315e-07 -2.058143e-05 -1.567195e-03 +1.396844e-02 +2.256872e+00 -1.638488e+02 +3.368986e+02 +2.778222e+05 +6.723286e+06 +1.035396e+09 +1.806660e+10 -1.387048e+13 -1.905101e+14 +2.904967e+16 +1.418097e+18   
Q20-088   +2.999595e+01   +1.090201e-06 -5.904154e-02 -1.476856e-04 -1.594131e-02 -4.041896e-01 +2.335111e+03 -1.891264e+03 +7.965575e+04 +2.919305e+07 -2.286288e+11 -4.989077e+09 -1.087806e+11 -3.995223e+14 +4.548247e+18 +4.122133e+18   +3.957568e-07 -2.160760e-05 -1.189859e-03 +3.591872e-02 +1.585044e+00 -2.232773e+02 +2.774602e+03 -2.268337e+05 -4.114859e+06 +4.493303e+09 -1.174231e+11 +3.218667e+12 +5.012780e+13 -3.399929e+16 +3.555573e+18   
Q20-090   +2.999490e+01   +5.536831e-07 -5.908118e-02 -8.647760e-04 -3.434804e-05 -5.265705e-01 +2.300136e+03 -1.131902e+03 -1.217985e+05 +2.089163e+07 -2.301954e+11 +1.633863e+11 +6.697605e+12 -1.094909e+15 +4.671531e+18 -2.562779e+18   +4.327846e-08 -1.131547e-05 +6.094923e-05 +1.211916e-02 +5.664360e-01 -1.197492e+02 -3.395887e+03 -5.228149e+04 +2.136341e+07 +2.639474e+09 +7.781526e+10 -1.465803e+13 -3.354047e+14 -2.571552e+16 +3.291089e+18   
Q20-091   +2.999415e+01   -2.552465e-07 -5.912006e-02 -1.102242e-03 -4.367038e-02 +5.061820e-02 +2.274457e+03 +7.413722e+02 +1.567230e+05 +3.523787e+06 -2.268264e+11 +6.495020e+09 -7.792163e+11 +2.063808e+14 +4.621465e+18 -1.200968e+18   +1.612574e-07 -4.518638e-06 -7.221181e-04 +4.017990e-03 +6.649310e-01 -2.087865e+02 +2.593786e+03 +2.680300e+03 -1.954498e+07 +4.936309e+09 +4.991110e+10 -9.822115e+12 +1.130444e+15 +3.963850e+16 -5.107336e+18   
Q20-092   +2.999595e+01   +1.538347e-07 -5.906827e-02 -1.547148e-03 -6.607409e-02 -6.265843e-01 +2.336713e+03 +3.091381e+03 +8.267639e+04 +6.125087e+06 -2.305503e+11 -9.616465e+10 -3.167933e+12 -8.101460e+14 +4.644464e+18 +3.810291e+18   +3.570772e-07 -2.011640e-05 -1.212910e-03 +1.089226e-02 +1.396044e+00 -1.315569e+02 +4.049413e+03 +1.706282e+05 +1.647094e+07 +1.437700e+09 -8.075654e+10 -1.376002e+13 -4.836783e+14 +2.435348e+16 -2.638350e+18   
Q20-094   +2.999440e+01   +4.987818e-07 -5.905966e-02 -2.031923e-03 -4.768643e-02 -4.471025e-02 +2.344287e+03 +5.166328e+02 +5.433404e+04 +5.228093e+06 -2.299766e+11 +3.540891e+10 +1.101107e+13 -8.574694e+13 +4.591367e+18 -2.241541e+18   +7.587746e-07 -9.567479e-06 -2.175440e-03 +2.145587e-02 +2.154992e+00 -2.076567e+02 +4.065739e+03 +2.630079e+05 +9.250800e+06 +4.967821e+09 -5.196303e+10 -7.403942e+12 -9.902338e+14 -1.161084e+17 +6.986608e+17   
Q20-098   +2.999690e+01   +7.143435e-07 -5.908501e-02 -1.706362e-04 -5.861412e-02 +9.183706e-02 +2.339317e+03 -1.650593e+03 -5.259774e+04 +1.968110e+07 -2.316130e+11 +3.784448e+10 +4.222130e+12 -6.009884e+14 +4.693198e+18 -2.366509e+17   +1.376296e-07 -1.034011e-05 -2.975999e-04 +1.129179e-02 +4.611140e-01 -9.345272e+01 +1.369715e+03 +7.370142e+04 -1.121492e+06 +1.193807e+09 +8.637649e+10 -9.414610e+12 +6.135714e+14 +7.973987e+15 -5.158600e+18   
Q20-102   +2.999575e+01   +6.187223e-07 -5.909674e-02 -3.153810e-04 -3.982908e-02 -3.462544e-02 +2.225251e+03 -2.550985e+03 +9.163338e+04 +1.995705e+07 -2.276390e+11 +7.541765e+10 +9.776075e+12 -7.348544e+14 +4.711794e+18 -2.743602e+18   +4.107809e-07 +2.136349e-05 -1.237764e-03 +1.691930e-02 +6.794249e-01 -3.226010e+02 +1.714290e+03 -6.906458e+03 +4.595498e+06 +1.058145e+10 -5.940768e+10 -5.038797e+12 +4.643424e+14 -2.818854e+17 +4.678559e+18   
Q20-106   +2.999655e+01   +3.782918e-07 -5.924381e-02 -2.677693e-04 -4.349547e-02 -5.256531e-01 +2.380074e+03 -2.802443e+03 +3.490768e+05 +2.692675e+07 -2.312427e+11 +1.140537e+11 +8.298224e+12 -4.215278e+14 +4.708935e+18 +6.426232e+17   +2.814090e-07 -9.948174e-06 -7.272936e-04 +1.514861e-02 +1.907565e-01 -1.671765e+02 +3.625987e+03 +8.385631e+04 +5.344725e+06 +3.457604e+09 -1.047000e+11 -1.213517e+13 -4.730631e+14 -3.289772e+16 -8.590895e+17   
Q20-115   +2.999460e+01   +5.109163e-07 -5.908864e-02 -1.009327e-03 -3.664453e-02 +5.772502e-01 +2.299945e+03 -5.867153e+02 -1.524229e+05 -7.740637e+06 -2.291878e+11 +5.403439e+10 +8.074570e+12 -3.791976e+14 +4.620478e+18 -3.808629e+18   +5.637151e-07 -1.711768e-05 -1.043683e-03 +4.889177e-03 +1.884780e+00 -1.589280e+02 -2.355687e+03 +1.552130e+05 +7.364286e+06 +4.591173e+09 +6.763391e+10 -1.280228e+13 -2.112072e+14 -1.096191e+17 -2.727717e+18   
Q20-118   +2.999465e+01   +6.273672e-07 -5.911601e-02 -9.096576e-04 -3.136276e-02 -4.153691e-01 +2.390918e+03 -9.833904e+02 +1.359570e+05 +1.333461e+07 -2.309505e+11 +3.705557e+10 +9.610247e+11 -1.333704e+14 +4.676347e+18 -3.937682e+18   +3.981243e-07 -2.123423e-05 -1.126480e-03 +1.921526e-02 +1.838847e+00 -1.131983e+02 +1.578076e+03 -2.802743e+04 -8.898724e+05 +2.835068e+07 -7.835517e+10 -5.602943e+12 +6.554472e+14 -1.351710e+16 +2.168021e+18   
Q20-120   +2.999415e+01   +3.606700e-07 -5.908439e-02 -7.891419e-04 -6.137583e-03 -6.689068e-01 +2.325120e+03 +1.752087e+03 -1.112351e+05 +2.509568e+07 -2.283944e+11 -9.694590e+10 +1.369148e+12 -1.029667e+15 +4.601674e+18 +5.878533e+18   +6.988333e-08 -1.703641e-05 -5.766661e-04 +6.185103e-04 +1.203839e+00 -1.890408e+02 -1.309640e+03 +1.107954e+04 +1.118006e+07 +2.260467e+09 -4.703414e+10 -1.069972e+13 +2.070157e+14 +8.091384e+16 -5.082631e+18   
Q20-121   +2.999545e+01   +3.702508e-08 -5.910776e-02 -1.103748e-03 -5.365404e-02 -8.695679e-01 +2.329749e+03 +4.214813e+03 +6.834410e+04 +1.048244e+07 -2.294150e+11 -7.818713e+10 -4.325586e+12 -5.016221e+14 +4.687531e+18 +4.874726e+18   +6.200640e-07 -1.879758e-05 -5.370028e-04 +2.685075e-03 +1.849418e+00 -2.693537e+02 +8.174466e+02 -1.365755e+05 -1.143018e+06 +8.007081e+09 -1.021975e+10 -2.136956e+13 +8.743193e+14 -1.991654e+17 -5.867163e+17   
Q20-123   +2.999600e+01   +7.791749e-07 -5.909521e-02 -7.208841e-04 -2.016363e-02 -5.046533e-02 +2.360369e+03 -1.597332e+03 -1.001095e+05 +2.518622e+07 -2.296967e+11 +1.597171e+11 +1.107394e+13 -1.436221e+15 +4.626300e+18 +8.219196e+18   +2.515573e-07 -1.430681e-05 -9.279351e-04 +1.145752e-02 +1.821281e+00 -1.427071e+02 +4.794596e+03 +3.660565e+05 -1.057115e+07 +2.534292e+09 -8.553184e+10 -1.372447e+13 +1.221889e+15 -1.223424e+17 -4.055781e+18   
Q20-129   +2.999565e+01   +7.276335e-07 -5.911674e-02 -2.078224e-04 -7.041078e-02 +2.039825e-02 +2.412592e+03 -2.267845e+03 +1.358862e+05 +1.252174e+07 -2.316570e+11 +2.706019e+10 -5.663805e+12 -2.734093e+14 +4.744641e+18 -1.085511e+18   +1.011488e-07 +1.357068e-05 -1.165980e-03 +1.317723e-02 +1.117823e+00 -1.846214e+02 +1.640614e+03 +1.468712e+05 -3.795557e+06 +5.288564e+09 -5.840980e+10 -8.471502e+12 -2.023627e+13 -6.863315e+16 +1.275910e+18   
Q20-131   +2.999550e+01   +5.883309e-07 -5.913314e-02 -6.434332e-04 -1.797612e-02 -3.737227e-01 +2.339479e+03 +1.596211e+03 -9.019890e+04 +1.171743e+07 -2.281108e+11 -5.065690e+10 +3.197331e+12 -5.537527e+12 +4.622997e+18 +1.188932e+18   +2.433805e-07 +2.387609e-05 -8.119055e-04 +1.270402e-02 +1.061123e+00 -3.014604e+02 -1.836770e+03 +7.409565e+03 +2.650981e+06 +8.876371e+09 +4.589265e+10 -8.773049e+12 -2.049643e+14 -1.499696e+17 -3.902075e+18   
Q20-132   +2.999505e+01   +3.374300e-07 -5.913869e-02 +3.426985e-04 -5.426492e-02 +2.765492e-01 +2.372218e+03 -4.139926e+03 +1.556308e+05 +2.607314e+07 -2.321524e+11 +4.761582e+10 +2.671584e+12 -8.682463e+14 +4.766683e+18 +2.222567e+17   -6.474798e-08 -2.697027e-06 +1.260995e-04 -4.609184e-03 +6.955518e-01 -1.960114e+02 -5.230733e+03 -3.464958e+04 +1.809675e+05 +4.576905e+09 -2.929605e+10 -1.130917e+12 -2.716755e+14 -6.973034e+16 +4.524216e+18   
Q20-133   +2.999550e+01   +8.750253e-07 -5.912757e-02 -2.205382e-04 -1.050758e-02 -6.156907e-02 +2.412363e+03 -5.014702e+03 +1.126686e+04 +2.312679e+07 -2.305459e+11 +2.521658e+10 +2.929474e+12 -8.750309e+14 +4.683976e+18 -3.865013e+18   -8.066720e-08 +5.664360e-06 +7.097208e-04 +3.183135e-02 +8.430481e-02 -1.801156e+02 -1.670076e+03 -1.413809e+05 -7.071804e+06 +4.351556e+09 +2.220894e+10 -8.732947e+12 -2.594782e+14 -4.977230e+16 +2.673270e+17   
Q20-137   +2.999630e+01   +9.867140e-07 -5.910269e-02 -3.436180e-04 -3.103094e-02 +1.297148e-01 +2.423400e+03 +5.681171e+01 -1.066375e+05 +2.399147e+07 -2.298371e+11 -1.317853e+11 +6.952194e+12 -5.897047e+14 +4.630638e+18 +9.350497e+18   +1.016630e-07 +6.416911e-06 -9.768025e-04 +2.650113e-02 +1.668712e+00 -1.914656e+02 +3.616159e+03 -4.341852e+04 -1.423648e+07 +5.306815e+09 -1.162976e+11 -5.951481e+12 +7.255161e+14 -5.250668e+16 +2.562882e+18   
Q20-141   +2.999605e+01   +2.180586e-07 -5.914665e-02 -1.317006e-03 -1.334056e-02 -2.700647e+00 +2.372366e+03 -2.143840e+02 +1.120901e+05 +2.799543e+07 -2.299013e+11 +2.215657e+10 +9.916009e+11 -7.748230e+13 +4.713104e+18 -3.788215e+18   +2.341833e-07 +2.155235e-05 -5.067617e-04 +1.885800e-02 +4.095376e-01 -2.449195e+02 +3.690513e+02 +9.503015e+04 -1.268369e+07 +9.147664e+09 +7.866502e+10 -6.012245e+12 -4.461061e+14 -2.719002e+17 +1.299959e+18   
Q20-145   +2.999400e+01   +5.746383e-07 -5.912306e-02 -1.047354e-03 -8.777742e-02 +6.348696e-02 +2.311720e+03 -1.022460e+03 +2.098169e+05 +2.189521e+07 -2.294907e+11 +4.739998e+10 -2.781513e+12 -4.628336e+14 +4.650864e+18 -2.090893e+18   +3.829383e-07 -1.555738e-05 -1.636244e-03 +1.150118e-02 +1.544362e+00 -2.184192e+02 +1.704810e+03 -1.017639e+05 +6.928762e+06 +4.880923e+09 +2.436144e+10 -1.439232e+12 -3.623115e+14 -5.927472e+16 -1.959356e+17   
Q20-146   +2.999625e+01   +6.045749e-07 -5.909955e-02 -1.388310e-03 -4.985450e-02 -1.962207e+00 +2.338104e+03 +9.067123e+02 -2.952910e+04 +2.846990e+07 -2.291478e+11 -2.991642e+10 -1.333935e+12 -1.385994e+14 +4.668594e+18 +6.791209e+17   +4.329885e-08 -1.953820e-05 -9.149237e-04 +5.037510e-02 +1.175855e+00 -1.767168e+02 -4.430187e+03 -5.190179e+04 -7.898837e+06 +6.852890e+08 -4.777537e+10 -1.848705e+13 -4.711002e+14 +3.877718e+16 -3.046642e+18   
Q20-147   +2.999630e+01   +7.978357e-07 -5.912466e-02 -1.263147e-03 -1.115616e-01 +2.172980e-02 +2.394189e+03 -2.688108e+03 +4.205099e+04 +5.805793e+06 -2.298824e+11 +9.027370e+10 -3.056165e+12 -5.744799e+14 +4.653441e+18 -3.364272e+18   +2.150984e-07 -1.292286e-05 -1.176870e-03 +2.252004e-02 +1.700350e+00 -1.894218e+02 +8.924434e+02 -3.573647e+04 -6.761271e+06 +3.208336e+09 -2.563022e+09 -6.380644e+12 -3.784257e+14 +1.368437e+16 +1.697732e+18   
Q20-152   +2.999635e+01   +6.553097e-07 -5.908449e-02 -1.019653e-03 -1.159231e-01 -1.042426e+00 +2.363787e+03 -6.165917e+02 +2.528879e+05 +1.764808e+07 -2.302587e+11 -3.534687e+08 -7.097287e+12 -2.182254e+14 +4.653660e+18 +1.465469e+17   -2.137831e-07 -4.200838e-06 -5.316960e-04 +2.218773e-02 +1.056370e+00 -1.431696e+02 +1.524511e+03 +1.095547e+05 -4.224671e+06 +2.789339e+09 -3.148299e+10 -7.796869e+10 +1.085998e+14 +2.453804e+16 +4.297940e+18   
Q20-155   +2.999660e+01   +8.561607e-07 -5.906686e-02 -1.391257e-03 +2.237415e-03 -1.453703e+00 +2.298148e+03 +1.106647e+03 -8.482775e+04 +2.924121e+07 -2.324314e+11 +2.389229e+09 +4.951481e+12 -1.028759e+15 +4.720888e+18 -4.945030e+17   +3.546069e-07 +7.103382e-06 -4.632915e-04 +1.290281e-02 +4.504347e-01 -1.834944e+02 +1.030533e+02 +2.534961e+04 +1.368061e+07 +4.142299e+09 +1.732744e+10 -2.434642e+12 -4.393231e+14 -2.567897e+16 -1.906592e+18   
Q20-168   +2.999595e+01   +5.206536e-07 -5.906531e-02 -1.412161e-03 -6.616997e-02 -7.757617e-01 +2.227300e+03 -1.335137e+03 +8.436299e+04 +1.304820e+07 -2.265886e+11 +3.441921e+10 -8.722558e+10 -6.852015e+14 +4.535182e+18 -3.818139e+18   +2.215666e-07 -1.986715e-05 +4.932513e-05 -4.361599e-03 -8.338312e-01 -1.813674e+02 +4.418593e+02 +9.389771e+04 +2.002576e+07 +2.837344e+09 +1.783806e+10 -2.833815e+12 -3.925203e+14 +3.475779e+16 -1.805049e+18   
Q20-169   +2.999600e+01   +7.884851e-07 -5.907381e-02 -1.207306e-03 -2.641543e-02 -1.105551e+00 +2.229605e+03 -5.223480e+02 -7.813015e+04 +2.161424e+07 -2.272231e+11 -3.410045e+10 +3.789879e+12 -3.277668e+14 +4.573000e+18 +8.365519e+17   -4.103064e-08 -9.131644e-06 -5.518222e-04 +3.218994e-02 +1.552248e+00 -1.676178e+02 +1.532949e+03 +1.336797e+05 -1.250845e+06 +2.275546e+09 +2.789693e+10 -1.627503e+13 +4.904847e+13 +6.890655e+16 -1.065514e+18   
Q20-172   +2.999390e+01   +3.491310e-07 -5.910478e-02 -9.271665e-04 -5.699289e-04 -1.474640e+00 +2.296865e+03 -1.853253e+03 -1.527008e+05 +1.837814e+07 -2.299441e+11 -6.078996e+10 +9.740514e+12 -8.835943e+13 +4.601366e+18 +2.365354e+18   -6.136611e-07 -2.030396e-05 +8.359376e-04 +2.654735e-02 -4.084874e-01 -1.381862e+02 -1.094270e+03 +1.851840e+02 -1.103403e+07 +1.572643e+09 +5.003031e+10 -1.316761e+13 +5.490760e+14 +2.168006e+16 +1.468381e+18   
Q20-173   +2.999650e+01   +9.637908e-07 -5.903519e-02 -1.080091e-04 -5.027693e-02 -5.296965e-01 +2.270712e+03 -5.300512e+02 -2.847079e+04 +2.720973e+07 -2.282787e+11 -1.225066e+11 -4.283316e+12 -6.714243e+14 +4.462651e+18 +8.326588e+18   -2.269847e-07 -1.504401e-05 +2.824383e-05 -3.306419e-03 +2.067321e-01 -1.810191e+02 -1.557499e+03 +2.607700e+05 -1.253461e+07 +3.775077e+09 +7.120807e+10 -1.283705e+13 +2.434326e+14 -4.238558e+16 -5.504519e+18   
Q20-174   +2.999395e+01   -5.017749e-08 -5.914039e-02 -4.988819e-04 -2.972137e-02 +2.031573e-01 +2.289324e+03 -1.245670e+03 -3.820801e+04 -7.391497e+06 -2.291605e+11 +7.864099e+10 -9.335086e+11 +1.366700e+14 +4.596330e+18 +5.406120e+17   +1.498541e-07 -1.119675e-05 +1.551386e-04 +2.425564e-02 -3.450589e-01 -1.345027e+02 -2.019689e+03 -1.911035e+03 +6.164310e+06 +2.905539e+09 +8.690109e+10 -4.872156e+12 +2.886321e+14 +2.426120e+16 -1.712234e+18   
Q20-175   +2.999610e+01   +7.803888e-08 -5.909785e-02 -2.003314e-03 -1.800050e-02 -1.595901e+00 +2.288511e+03 +1.504657e+03 -3.710579e+04 +1.000526e+07 -2.294810e+11 -7.476732e+10 +4.062191e+12 -2.710130e+14 +4.650448e+18 -1.792422e+18   -1.699742e-07 +4.798194e-06 +4.128917e-04 +1.185490e-02 -9.275959e-01 -8.285337e+01 -1.468703e+03 +5.789346e+04 +3.623964e+06 +1.130175e+09 +8.213681e+10 -4.282397e+12 -4.922820e+13 +4.435040e+16 -3.505749e+18   
Q20-177   +2.999670e+01   +4.300923e-07 -5.910487e-02 -2.135887e-04 -1.038119e-01 -9.794504e-01 +2.304526e+03 -2.822890e+03 +3.365820e+05 +2.207818e+07 -2.309882e+11 -4.948501e+10 -6.226158e+12 -2.863457e+14 +4.676098e+18 +5.493558e+18   +3.738955e-07 +2.214315e-06 -1.144734e-03 +2.262873e-02 +8.139159e-01 -1.259152e+02 +4.025703e+03 -1.343394e+05 +2.357690e+06 +9.277000e+08 -1.221303e+11 +1.262938e+13 +4.387749e+14 +2.613884e+16 +1.412985e+18   
Q20-179   +2.999665e+01   +8.110639e-07 -5.909417e-02 -7.748375e-04 +1.278898e-02 -7.630782e-01 +2.218675e+03 -6.566810e+02 -1.797838e+05 +2.756315e+07 -2.312503e+11 -2.849709e+10 +1.216555e+13 -9.373943e+14 +4.690894e+18 +1.724170e+18   +1.720379e-07 -1.107478e-05 -1.049646e-03 +7.752826e-03 +8.364257e-01 -1.694435e+02 +1.287621e+03 +1.862586e+05 -1.654378e+07 +3.702307e+09 -1.237312e+10 -9.803368e+12 +6.144113e+14 -5.820720e+16 +3.351178e+18   
